0.420837
0.206801
0.366736
0.22533
0.559147
0.682336
0.325971
0.67656
0.887491
0.280037
0.823348
0.168253
0.549871
0.230442
0.992344
0.619482
0.134615
0.258703
0.437135
0.690486
0.320474
0.822177
0.921063
0.776856
0.585505
0.637239
0.23753
0.330568
0.633042
0.112144
0.739213
0.156418
0.99831
0.462202
0.614914
0.470754
0.737304
0.87437
0.669555
0.852022
0.524177
0.326017
0.0877463
0.601441
0.182483
0.687866
0.702504
0.620435
0.361464
0.374858
0.640776
0.139747
0.16694
0.482829
0.942163
0.0173532
0.889013
0.443665
0.162611
0.397308
0.986105
0.74208
0.972568
0.562488
0.334434
0.140255
0.39917
0.121154
0.639361
0.345035
0.657522
0.116197
0.98077
0.157971
0.601598
0.707712
0.0301152
0.0965564
0.364562
0.576841
0.974117
0.372531
0.718658
0.840191
0.418176
0.0235202
0.356328
0.0683711
0.380957
0.659138
0.0581267
0.830364
0.0412668
0.507883
0.526757
0.269752
0.934926
0.454673
0.956503
0.916016
0.843828
0.57708
0.263457
0.627122
0.553734
0.367304
0.724006
0.456691
0.685823
0.315721
0.298005
0.597983
0.840491
0.177517
0.244833
0.48757
0.105005
0.779463
0.962635
0.688678
0.555014
0.68481
0.589994
0.0120436
0.289316
0.978859
0.29474
0.803023
0.268635
0.984131
0.998221
0.0274937
0.687958
0.896293
0.55153
0.936896
0.510862
0.393779
0.0596156
0.765916
0.688584
0.312206
0.974651
0.587264
0.418273
0.102948
0.0398759
0.226476
0.971828
0.720868
0.899464
0.648428
0.69721
0.130308
0.193965
0.414701
0.328113
0.496512
0.904425
0.0550316
0.315927
0.212742
0.919341
0.646002
0.626677
0.846736
0.611602
0.689221
0.165462
0.713233
0.712571
0.395363
0.806249
0.174781
0.41811
0.967795
0.181545
0.586048
0.479064
0.130523
0.303464
0.288303
0.0941173
0.672072
0.427403
0.1092
0.381399
0.872442
0.655676
0.0124192
0.932649
0.0392507
0.190116
0.0821095
0.895267
0.9918
0.181677
0.986205
0.745077
0.886559
0.836927
0.23904
0.609363
0.251951
0.278659
0.617239
0.427134
0.0798045
0.980742
0.297972
0.627911
0.32679
0.708794
0.424085
0.0112473
0.0380274
0.237616
0.860492
0.306774
0.501093
0.0907371
0.402847
0.883974
0.648689
0.453207
0.929138
0.338702
0.454671
0.963577
0.749551
0.519306
0.946387
0.684306
0.0408808
0.830103
0.503151
0.666328
0.803238
0.434248
0.89067
0.340618
0.267878
0.837995
0.227905
0.445683
0.698001
0.0542991
0.00903778
0.723055
0.0119962
0.68136
0.140503
0.920403
0.128914
0.352299
0.620949
0.587115
0.461916
0.959581
0.504409
0.204908
0.0162522
0.182335
0.363424
0.0175893
0.600706
0.108959
0.370118
0.394505
0.284448
0.201073
0.0309669
0.647058
0.56891
0.872296
0.46309
0.768022
0.991764
0.0887922
0.748374
0.706484
0.448969
0.419964
0.614948
0.487437
0.629181
0.540741
0.632475
0.826473
0.862175
0.740692
0.57595
0.973066
0.539672
0.651979
0.153475
0.961855
0.997887
0.275021
0.165602
0.387064
0.174394
0.790656
0.868529
0.737814
0.865975
0.303544
0.501877
0.684488
0.344004
0.160174
0.701587
0.93241
0.91072
0.926682
0.331541
0.919836
0.73584
0.0515241
0.857797
0.815365
0.0883491
0.170177
0.706989
0.569451
0.558312
0.945592
0.0953313
0.837299
0.542539
0.477601
0.804888
0.0135472
0.381036
0.864427
0.0034626
0.330446
0.137843
0.854591
0.703123
0.773499
0.238021
0.564423
0.726129
0.447156
0.864067
0.148452
0.540377
0.803922
0.0492018
0.217377
0.0872989
0.600957
0.24946
0.572937
0.42112
0.169902
0.396279
0.705708
0.359328
0.409534
0.866212
0.0523542
0.877906
0.314291
0.107384
0.280464
0.554974
0.0524689
0.905774
0.491871
0.482759
0.350981
0.979254
0.686699
0.495713
0.848284
0.852985
0.788218
0.342825
0.834664
0.701956
0.927495
0.196972
0.637391
0.414867
0.569903
0.485873
0.991695
0.172679
0.614334
0.527917
0.0537602
0.278722
0.319164
0.370079
0.171502
0.0193053
0.070829
0.526511
0.17625
0.048947
0.79
0.74297
0.991762
0.135111
0.0645967
0.862798
0.779178
0.536634
0.97635
0.720594
0.177132
0.504425
0.80241
0.462525
0.898713
0.0990518
0.615096
0.117893
0.487223
0.0288742
0.732602
0.21461
0.756177
0.407824
0.0912918
0.240248
0.439735
0.00596918
0.443866
0.937794
0.18599
0.867026
0.770896
0.258943
0.0307168
0.805464
0.219651
0.514034
0.822592
0.213191
0.841644
0.774678
0.82908
0.806857
0.846153
0.707921
0.422716
0.203224
0.151769
0.844071
0.945904
0.132506
0.168747
0.532417
0.513392
0.924761
0.897969
0.38607
0.574538
0.501264
0.716012
0.565038
0.559228
0.135293
0.363715
0.24482
0.607781
0.929772
0.0229034
0.0413311
0.232393
0.645094
0.928784
0.445264
0.028275
0.539469
0.443688
0.890424
0.0381262
0.248079
0.302569
0.524962
0.890583
0.60759
0.107179
0.770312
0.910335
0.754666
0.347551
0.755096
0.57579
0.542504
0.75869
0.103629
0.314884
0.43947
0.0885005
0.0214495
0.562063
0.372943
0.0879805
0.905209
0.174764
0.767041
0.118853
0.234648
0.0232822
0.0031036
0.615667
0.784126
0.826209
0.754943
0.945492
0.745916
0.866395
0.451866
0.38576
0.103496
0.154092
0.711777
0.588826
0.438958
0.956902
0.918706
0.00974494
0.806076
0.0865073
0.174563
0.844073
0.00637972
0.471176
0.589561
0.719503
0.316881
0.0495724
0.508859
0.582051
0.350236
0.0976416
0.636662
0.697318
0.702981
0.726873
0.996955
0.306528
0.239954
0.86673
0.124438
0.342939
0.376388
0.407616
0.856121
0.431798
0.861473
0.182023
0.650344
0.0949288
0.0466934
0.511285
0.910353
0.38901
0.641411
0.0740032
0.637584
0.692322
0.165987
0.50202
0.437607
0.0590649
0.757003
0.849608
0.167198
0.231987
0.936362
0.295346
0.534175
0.269337
0.284691
0.591564
0.656366
0.620262
0.0101369
0.0667533
0.295678
0.174511
0.640729
0.819397
0.454225
0.0782536
0.703693
0.888408
0.585293
0.191217
0.491038
0.830835
0.412551
0.963737
0.868122
0.840808
0.657542
0.856969
0.985639
0.507116
0.297018
0.0201948
0.727621
0.302447
0.380501
0.0951584
0.196243
0.309194
0.505141
0.824724
0.673393
0.954883
0.517073
0.767789
0.346194
0.59526
0.220504
0.97312
0.00985025
0.138203
0.769328
0.645063
0.622316
0.514661
0.493735
0.696449
0.985851
0.465928
0.48665
0.322045
0.564187
0.28828
0.326736
0.735995
0.445351
0.111309
0.719259
0.916052
0.000566943
0.415549
0.722833
0.0851708
0.407762
0.79871
0.458896
0.279914
0.286841
0.0758236
0.135915
0.773488
0.672501
0.442454
0.13547
0.510595
0.544876
0.864194
0.603987
0.488294
0.838135
0.586492
0.123109
0.354837
0.114074
0.508304
0.812859
0.967756
0.934663
0.52969
0.291842
0.388108
0.876951
0.686471
0.456211
0.453035
0.493839
0.784745
0.349884
0.486967
0.315783
0.64821
0.694702
0.242276
0.280821
0.48787
0.385373
0.0308486
0.292236
0.422107
0.77925
0.933345
0.127609
0.921929
0.231008
0.846087
0.72397
0.380803
0.520504
0.295787
0.333684
0.0496658
0.964701
0.998424
0.449003
0.0476148
0.370097
0.149565
0.571419
0.596507
0.070792
0.838184
0.960913
0.901997
0.407567
0.361036
0.603482
0.0326605
0.95581
0.98258
0.959128
0.717468
0.788026
0.494171
0.094643
0.885533
0.853502
0.522323
0.251228
0.780031
0.302214
0.77779
0.512694
0.981111
0.347881
0.413387
