8.60262e-07 1
5.34002e-06 26
7.87122e-06 51
9.28227e-06 76
1.07512e-05 101
1.20271e-05 126
1.31959e-05 151
1.44713e-05 176
1.52728e-05 201
1.61887e-05 226
1.77806e-05 251
1.95345e-05 276
1.93427e-05 301
1.86852e-05 326
2.07925e-05 351
2.2781e-05 376
2.50302e-05 401
2.31462e-05 426
2.33859e-05 451
2.26474e-05 476
2.51918e-05 501
2.38417e-05 526
2.72061e-05 551
2.50037e-05 576
2.73753e-05 601
3.64014e-05 626
2.91461e-05 651
3.38869e-05 676
3.2204e-05 701
3.38828e-05 726
3.01238e-05 751
3.03551e-05 776
3.39258e-05 801
3.47357e-05 826
3.58471e-05 851
3.42146e-05 876
3.67722e-05 901
3.41451e-05 926
3.6878e-05 951
3.32711e-05 976
4.10626e-05 1001
3.55643e-05 1026
3.38406e-05 1051
3.25205e-05 1076
3.54853e-05 1101
4.81976e-05 1126
3.28507e-05 1151
3.65942e-05 1176
4.84836e-05 1201
4.69676e-05 1226
5.08312e-05 1251
4.27651e-05 1276
4.23475e-05 1301
3.92245e-05 1326
4.02067e-05 1351
4.03908e-05 1376
4.45829e-05 1401
4.14974e-05 1426
4.54511e-05 1451
4.48791e-05 1476
5.2547e-05 1501
4.62833e-05 1526
4.85883e-05 1551
4.77996e-05 1576
5.20874e-05 1601
4.80367e-05 1626
5.1992e-05 1651
5.4017e-05 1676
5.53983e-05 1701
4.50447e-05 1726
5.54065e-05 1751
5.05819e-05 1776
4.98614e-05 1801
5.16517e-05 1826
4.90751e-05 1851
4.79303e-05 1876
5.31527e-05 1901
6.17222e-05 1926
5.09116e-05 1951
5.46338e-05 1976
6.88485e-05 2001
5.14898e-05 2026
6.02284e-05 2051
5.92815e-05 2076
5.44048e-05 2101
5.276e-05 2126
5.24427e-05 2151
5.98403e-05 2176
5.84214e-05 2201
6.7285e-05 2226
7.01307e-05 2251
5.99428e-05 2276
5.4152e-05 2301
5.4195e-05 2326
5.57605e-05 2351
5.63027e-05 2376
6.25461e-05 2401
5.59669e-05 2426
6.09613e-05 2451
5.87924e-05 2476
6.60739e-05 2501
6.02116e-05 2526
6.26118e-05 2551
6.02008e-05 2576
5.50428e-05 2601
5.54338e-05 2626
5.72812e-05 2651
5.1848e-05 2676
5.7258e-05 2701
4.80268e-05 2726
4.57859e-05 2751
4.13409e-05 2776
4.46007e-05 2801
3.88817e-05 2826
4.90969e-05 2851
6.6632e-05 2876
6.42171e-05 2901
6.92137e-05 2926
6.90507e-05 2951
7.521e-05 2976
7.40084e-05 3001
6.42599e-05 3026
5.51933e-05 3051
5.20524e-05 3076
5.05298e-05 3101
5.64227e-05 3126
5.64052e-05 3151
6.05935e-05 3176
6.69914e-05 3201
6.85078e-05 3226
7.56542e-05 3251
8.37454e-05 3276
7.8202e-05 3301
7.41319e-05 3326
8.93655e-05 3351
8.45569e-05 3376
8.47859e-05 3401
8.55934e-05 3426
7.98235e-05 3451
7.86997e-05 3476
8.66276e-05 3501
8.95511e-05 3526
7.629e-05 3551
8.42347e-05 3576
9.52978e-05 3601
8.74088e-05 3626
8.12053e-05 3651
8.39959e-05 3676
8.02417e-05 3701
7.49197e-05 3726
6.69257e-05 3751
7.0674e-05 3776
7.35062e-05 3801
6.89173e-05 3826
6.59096e-05 3851
5.80552e-05 3876
5.67525e-05 3901
5.89029e-05 3926
5.78166e-05 3951
6.05849e-05 3976
7.43731e-05 4001
6.89589e-05 4026
6.30217e-05 4051
5.85374e-05 4076
6.42444e-05 4101
5.78459e-05 4126
6.13346e-05 4151
6.37087e-05 4176
5.8774e-05 4201
5.50135e-05 4226
7.18136e-05 4251
8.47042e-05 4276
8.43179e-05 4301
8.41448e-05 4326
8.71615e-05 4351
8.18464e-05 4376
9.04229e-05 4401
9.07486e-05 4426
9.30058e-05 4451
9.81135e-05 4476
0.000110531 4501
9.97274e-05 4526
9.51896e-05 4551
0.000101967 4576
9.66515e-05 4601
8.75801e-05 4626
8.36154e-05 4651
8.58079e-05 4676
8.10345e-05 4701
7.99769e-05 4726
8.67179e-05 4751
8.27154e-05 4776
9.80739e-05 4801
9.03901e-05 4826
9.02138e-05 4851
8.41231e-05 4876
8.61133e-05 4901
8.27273e-05 4926
7.91949e-05 4951
7.93098e-05 4976
8.2696e-05 5001
7.9155e-05 5026
8.27696e-05 5051
9.25721e-05 5076
9.66499e-05 5101
7.39439e-05 5126
7.93091e-05 5151
7.47483e-05 5176
7.33926e-05 5201
7.0524e-05 5226
6.9562e-05 5251
5.8673e-05 5276
5.5089e-05 5301
5.36456e-05 5326
5.59054e-05 5351
5.30006e-05 5376
5.36656e-05 5401
6.70488e-05 5426
5.74972e-05 5451
6.40621e-05 5476
6.26929e-05 5501
6.21307e-05 5526
4.95205e-05 5551
4.49639e-05 5576
4.50104e-05 5601
3.50606e-05 5626
5.34087e-05 5651
7.41143e-05 5676
8.55273e-05 5701
7.58163e-05 5726
6.60733e-05 5751
5.8596e-05 5776
5.97167e-05 5801
6.10659e-05 5826
6.88628e-05 5851
6.45575e-05 5876
6.68547e-05 5901
5.83568e-05 5926
7.27662e-05 5951
6.4946e-05 5976
7.46267e-05 6001
7.24134e-05 6026
8.24939e-05 6051
7.35898e-05 6076
7.5819e-05 6101
7.02794e-05 6126
7.05981e-05 6151
6.45417e-05 6176
5.25883e-05 6201
5.73846e-05 6226
6.34081e-05 6251
6.16359e-05 6276
7.52702e-05 6301
7.40705e-05 6326
8.62825e-05 6351
9.6626e-05 6376
0.000103692 6401
0.000106929 6426
0.000107545 6451
0.000109774 6476
0.000110629 6501
0.000120093 6526
0.000114882 6551
0.000110342 6576
0.000108107 6601
0.000115079 6626
0.000103224 6651
5.57969e-05 6676
4.81271e-05 6701
6.17009e-05 6726
5.57325e-05 6751
5.07305e-05 6776
4.81547e-05 6801
4.98096e-05 6826
4.50664e-05 6851
3.38133e-05 6876
3.89436e-05 6901
4.56613e-05 6926
3.77644e-05 6951
3.36869e-05 6976
5.53492e-05 7001
5.10603e-05 7026
4.13062e-05 7051
2.47315e-05 7076
2.30601e-05 7101
3.2627e-05 7126
3.11145e-05 7151
3.9019e-05 7176
4.06194e-05 7201
3.06186e-05 7226
1.94801e-05 7251
1.58054e-05 7276
2.05451e-05 7301
1.60388e-05 7326
2.38063e-05 7351
1.28796e-05 7376
1.70585e-05 7401
1.21196e-05 7426
1.37565e-05 7451
1.13697e-05 7476
3.16624e-06 7501
1.82699e-06 7526
5.79394e-06 7551
1.00647e-05 7576
1.23339e-05 7601
2.67178e-05 7626
3.61064e-05 7651
2.42639e-05 7676
2.72692e-05 7701
3.96389e-05 7726
4.95097e-05 7751
5.17618e-05 7776
5.432e-05 7801
5.90979e-05 7826
5.12674e-05 7851
3.60272e-05 7876
3.40147e-05 7901
3.3592e-05 7926
2.40536e-05 7951
2.82096e-05 7976
2.51531e-05 8001
3.1616e-05 8026
3.95914e-05 8051
4.22548e-05 8076
5.36971e-05 8101
6.06079e-05 8126
6.16489e-05 8151
6.05431e-05 8176
7.08755e-05 8201
6.35181e-05 8226
6.63556e-05 8251
7.76341e-05 8276
7.0624e-05 8301
7.13128e-05 8326
6.16693e-05 8351
7.26779e-05 8376
6.91882e-05 8401
4.64337e-05 8426
6.24186e-05 8451
6.63639e-05 8476
6.58746e-05 8501
7.99027e-05 8526
8.14232e-05 8551
7.47726e-05 8576
7.84792e-05 8601
7.72374e-05 8626
8.45278e-05 8651
8.80302e-05 8676
9.85519e-05 8701
0.000103427 8726
0.000104702 8751
0.000119787 8776
0.000120867 8801
0.000121374 8826
0.000119196 8851
0.0001121 8876
0.000123441 8901
0.000114553 8926
0.000110323 8951
0.000112383 8976
0.000119987 9001
0.000115223 9026
0.000105928 9051
0.000102468 9076
0.000103835 9101
9.94412e-05 9126
0.00010477 9151
8.11901e-05 9176
8.1377e-05 9201
8.18339e-05 9226
8.26938e-05 9251
8.69179e-05 9276
8.48027e-05 9301
8.25649e-05 9326
7.5393e-05 9351
6.43931e-05 9376
5.86374e-05 9401
6.60407e-05 9426
7.88276e-05 9451
8.60068e-05 9476
8.26229e-05 9501
8.58178e-05 9526
8.87342e-05 9551
0.000101164 9576
0.000106239 9601
0.000121546 9626
0.000115144 9651
0.000119884 9676
0.00012125 9701
0.000131735 9726
0.000124731 9751
0.000121982 9776
0.000130216 9801
0.000134974 9826
0.000133743 9851
0.00013024 9876
0.000126881 9901
0.000129206 9926
0.000131896 9951
0.000124549 9976
