-0.35 0.07525
-0.41 0.08815
-0.49 0.10535
-0.57 0.12255
-0.61 0.13115
-0.66 0.1419
-0.72 0.1548
-0.79 0.16985
-0.85 0.18275
-0.97 0.20855
-1 0.120694
-1 0.0517456
-1 0.000561224
-1 -0.0378889
-1 -0.0670313
-1 -0.0892561
-1 -0.106265
-1 -0.119294
-1 -0.12925
-1 -0.136814
-1 -0.1425
-1 -0.146701
-1 -0.149722
-1 -0.1518
-1 -0.153121
-1 -0.153834
-1 -0.154056
-1 -0.153882
-1 -0.153389
-1 -0.152638
-1 -0.15168
-1 -0.150556
-1 -0.149299
-1 -0.147939
-1 -0.146497
-1 -0.144993
-1 -0.143442
-1 -0.141857
-1 -0.14025
-1 -0.138629
-1 -0.137001
-1 -0.135373
-1 -0.13375
-1 -0.132136
-1 -0.130534
-1 -0.128947
-1 -0.127378
-1 -0.125829
-1 -0.1243
-1 -0.122793
-1 -0.121309
-1 -0.119849
-1 -0.118412
-1 -0.117
-1 -0.115612
-1 -0.114249
-1 -0.11291
-1 -0.111596
-1 -0.110306
-1 -0.109039
-1 -0.107797
-1 -0.106577
-1 -0.105381
-1 -0.104207
-1 -0.103056
-1 -0.101926
-1 -0.100817
-1 -0.0997301
-1 -0.0986633
-1 -0.0976165
-1 -0.0965895
-1 -0.0955817
-1 -0.0945928
-1 -0.0936222
-1 -0.0926697
-1 -0.0917347
-1 -0.0908169
-1 -0.0899159
-1 -0.0890312
-1 -0.0881626
-1 -0.0873096
-1 -0.0864719
-1 -0.0856491
-1 -0.0848408
-1 -0.0840468
-1 -0.0832666
-1 -0.0825
-1 -0.0817466
-1 -0.0810062
-1 -0.0802783
-1 -0.0795629
-1 -0.0788594
-1 -0.0781677
-1 -0.0774875
-1 -0.0768186
-1 -0.0761606
-1 -0.0755133
-1 -0.0748765
-1 -0.07425
-1 -0.0736335
-1 -0.0730267
-1 -0.0724295
-1 -0.0718417
-1 -0.071263
-1 -0.0706933
-1 -0.0701323
-1 -0.0695799
-1 -0.0690359
-1 -0.0685
-1 -0.0679722
-1 -0.0674522
-1 -0.0669399
-1 -0.0664351
-1 -0.0659376
-1 -0.0654474
-1 -0.0649642
-1 -0.0644879
-1 -0.0640184
-1 -0.0635556
-1 -0.0630992
-1 -0.0626492
-1 -0.0622054
-1 -0.0617677
-1 -0.061336
-1 -0.0609102
-1 -0.0604901
-1 -0.0600757
-1 -0.0596668
-1 -0.0592633
-1 -0.0588652
-1 -0.0584722
-1 -0.0580844
-1 -0.0577016
-1 -0.0573237
-1 -0.0569507
-1 -0.0565824
-1 -0.0562188
-1 -0.0558597
-1 -0.0555051
-1 -0.0551549
-1 -0.0548091
-1 -0.0544675
-1 -0.05413
-1 -0.0537967
-1 -0.0534673
-1 -0.053142
-1 -0.0528205
-1 -0.0525028
-1 -0.0521889
-1 -0.0518786
-1 -0.051572
-1 -0.051269
-1 -0.0509694
-1 -0.0506733
-1 -0.0503805
-1 -0.0500911
-1 -0.0498049
-1 -0.049522
-1 -0.0492422
-1 -0.0489655
-1 -0.0486919
-1 -0.0484213
-1 -0.0481536
-1 -0.0478889
-1 -0.047627
-1 -0.047368
-1 -0.0471117
-1 -0.0468581
-1 -0.0466073
-1 -0.0463591
-1 -0.0461134
-1 -0.0458704
-1 -0.0456299
-1 -0.0453918
-1 -0.0451563
-1 -0.0449231
-1 -0.0446923
-1 -0.0444638
-1 -0.0442377
-1 -0.0440138
-1 -0.0437921
-1 -0.0435727
-1 -0.0433554
-1 -0.0431402
-1 -0.0429272
-1 -0.0427163
-1 -0.0425074
-1 -0.0423005
-1 -0.0420956
-1 -0.0418926
-1 -0.0416916
-1 -0.0414925
-1 -0.0412953
-1 -0.0410999
-1 -0.0409064
-1 -0.0407147
-1 -0.0405247
-1 -0.0403365
-1 -0.04015
-1 -0.0399652
-1 -0.0397821
-1 -0.0396007
-1 -0.0394209
-1 -0.0392427
-1 -0.0390661
-1 -0.0388911
-1 -0.0387176
-1 -0.0385457
-1 -0.0383753
-1 -0.0382064
-1 -0.0380389
-1 -0.0378729
-1 -0.0377083
-1 -0.0375452
-1 -0.0373834
-1 -0.037223
-1 -0.037064
-1 -0.0369063
-1 -0.03675
-1 -0.036595
-1 -0.0364412
-1 -0.0362888
-1 -0.0361376
-1 -0.0359877
-1 -0.0358389
-1 -0.0356915
-1 -0.0355452
-1 -0.0354001
-1 -0.0352561
-1 -0.0351134
-1 -0.0349718
-1 -0.0348313
-1 -0.0346919
-1 -0.0345536
-1 -0.0344165
-1 -0.0342804
-1 -0.0341454
-1 -0.0340114
-1 -0.0338785
-1 -0.0337466
-1 -0.0336157
-1 -0.0334858
-1 -0.033357
-1 -0.0332291
-1 -0.0331022
-1 -0.0329762
-1 -0.0328512
-1 -0.0327271
-1 -0.032604
-1 -0.0324818
-1 -0.0323605
-1 -0.0322401
-1 -0.0321206
-1 -0.0320019
-1 -0.0318842
-1 -0.0317672
-1 -0.0316512
-1 -0.031536
-1 -0.0314216
-1 -0.031308
-1 -0.0311953
-1 -0.0310834
-1 -0.0309722
-1 -0.0308619
-1 -0.0307523
-1 -0.0306435
-1 -0.0305355
-1 -0.0304282
-1 -0.0303217
-1 -0.0302159
-1 -0.0301108
-1 -0.0300065
-1 -0.0299029
-1 -0.0298
-1 -0.0296978
-1 -0.0295963
-1 -0.0294955
-1 -0.0293954
-1 -0.0292959
-1 -0.0291971
-1 -0.029099
-1 -0.0290015
-1 -0.0289047
-1 -0.0288086
-1 -0.028713
-1 -0.0286181
-1 -0.0285238
-1 -0.0284302
-1 -0.0283371
-1 -0.0282446
-1 -0.0281528
-1 -0.0280615
-1 -0.0279709
-1 -0.0278808
-1 -0.0277913
-1 -0.0277023
-1 -0.027614
-1 -0.0275261
-1 -0.0274389
-1 -0.0273522
-1 -0.027266
-1 -0.0271804
-1 -0.0270953
-1 -0.0270107
-1 -0.0269267
-1 -0.0268432
-1 -0.0267602
-1 -0.0266777
-1 -0.0265957
-1 -0.0265143
-1 -0.0264333
-1 -0.0263528
-1 -0.0262728
-1 -0.0261932
-1 -0.0261142
-1 -0.0260356
-1 -0.0259575
-1 -0.0258799
-1 -0.0258027
-1 -0.025726
-1 -0.0256498
-1 -0.025574
-1 -0.0254986
-1 -0.0254237
-1 -0.0253492
-1 -0.0252751
-1 -0.0252015
-1 -0.0251283
-1 -0.0250556
-1 -0.0249832
-1 -0.0249113
-1 -0.0248397
-1 -0.0247686
-1 -0.0246979
-1 -0.0246276
-1 -0.0245577
-1 -0.0244882
-1 -0.0244191
-1 -0.0243503
-1 -0.024282
-1 -0.024214
-1 -0.0241464
-1 -0.0240792
-1 -0.0240124
-1 -0.0239459
-1 -0.0238798
-1 -0.0238141
-1 -0.0237487
-1 -0.0236837
-1 -0.023619
-1 -0.0235547
-1 -0.0234907
-1 -0.0234271
-1 -0.0233638
-1 -0.0233009
-1 -0.0232383
-1 -0.023176
-1 -0.0231141
-1 -0.0230525
-1 -0.0229912
-1 -0.0229302
-1 -0.0228696
-1 -0.0228093
-1 -0.0227493
-1 -0.0226896
-1 -0.0226302
-1 -0.0225712
-1 -0.0225124
-1 -0.022454
-1 -0.0223958
-1 -0.022338
-1 -0.0222804
-1 -0.0222232
-1 -0.0221662
-1 -0.0221096
-1 -0.0220532
-1 -0.0219971
-1 -0.0219413
-1 -0.0218857
-1 -0.0218305
-1 -0.0217755
-1 -0.0217208
-1 -0.0216664
-1 -0.0216122
-1 -0.0215584
-1 -0.0215048
-1 -0.0214514
-1 -0.0213983
-1 -0.0213455
-1 -0.0212929
-1 -0.0212406
-1 -0.0211886
-1 -0.0211368
-1 -0.0210852
-1 -0.021034
-1 -0.0209829
-1 -0.0209321
-1 -0.0208816
-1 -0.0208312
-1 -0.0207812
-1 -0.0207314
-1 -0.0206818
-1 -0.0206324
-1 -0.0205833
-1 -0.0205344
-1 -0.0204858
-1 -0.0204373
-1 -0.0203891
-1 -0.0203412
-1 -0.0202934
-1 -0.0202459
-1 -0.0201986
-1 -0.0201515
-1 -0.0201047
-1 -0.020058
-1 -0.0200116
-1 -0.0199654
-1 -0.0199194
-1 -0.0198736
-1 -0.019828
-1 -0.0197826
-1 -0.0197375
-1 -0.0196925
-1 -0.0196478
-1 -0.0196032
-1 -0.0195588
-1 -0.0195147
-1 -0.0194707
-1 -0.019427
-1 -0.0193834
-1 -0.0193401
-1 -0.0192969
-1 -0.0192539
-1 -0.0192111
-1 -0.0191685
-1 -0.0191261
-1 -0.0190839
-1 -0.0190419
-1 -0.019
-1 -0.0189583
-1 -0.0189168
-1 -0.0188755
-1 -0.0188344
-1 -0.0187935
-1 -0.0187527
-1 -0.0187121
-1 -0.0186717
-1 -0.0186314
-1 -0.0185914
-1 -0.0185515
-1 -0.0185117
-1 -0.0184722
-1 -0.0184328
-1 -0.0183936
-1 -0.0183545
-1 -0.0183156
-1 -0.0182769
-1 -0.0182383
-1 -0.0181999
-1 -0.0181617
-1 -0.0181236
-1 -0.0180857
-1 -0.0180479
-1 -0.0180103
-1 -0.0179728
-1 -0.0179355
-1 -0.0178984
-1 -0.0178614
-1 -0.0178246
-1 -0.0177879
-1 -0.0177514
-1 -0.017715
-1 -0.0176787
-1 -0.0176427
-1 -0.0176067
-1 -0.0175709
-1 -0.0175353
-1 -0.0174998
-1 -0.0174644
-1 -0.0174292
-1 -0.0173941
-1 -0.0173592
-1 -0.0173244
-1 -0.0172897
-1 -0.0172552
-1 -0.0172208
-1 -0.0171866
-1 -0.0171525
-1 -0.0171185
-1 -0.0170847
-1 -0.0170509
-1 -0.0170174
-1 -0.0169839
-1 -0.0169506
-1 -0.0169174
-1 -0.0168844
-1 -0.0168515
-1 -0.0168187
-1 -0.016786
-1 -0.0167535
-1 -0.016721
-1 -0.0166888
-1 -0.0166566
-1 -0.0166245
-1 -0.0165926
-1 -0.0165608
-1 -0.0165292
-1 -0.0164976
-1 -0.0164662
-1 -0.0164349
-1 -0.0164037
-1 -0.0163726
-1 -0.0163416
-1 -0.0163108
-1 -0.01628
-1 -0.0162494
-1 -0.0162189
-1 -0.0161886
-1 -0.0161583
-1 -0.0161281
-1 -0.0160981
-1 -0.0160681
-1 -0.0160383
-1 -0.0160086
-1 -0.015979
-1 -0.0159495
-1 -0.0159201
-1 -0.0158909
-1 -0.0158617
-1 -0.0158326
-1 -0.0158037
-1 -0.0157748
-1 -0.0157461
-1 -0.0157174
-1 -0.0156889
-1 -0.0156605
-1 -0.0156321
-1 -0.0156039
-1 -0.0155758
-1 -0.0155478
-1 -0.0155198
-1 -0.015492
-1 -0.0154643
-1 -0.0154367
-1 -0.0154091
-1 -0.0153817
-1 -0.0153544
-1 -0.0153271
-1 -0.0153
-1 -0.015273
-1 -0.015246
-1 -0.0152192
-1 -0.0151924
-1 -0.0151657
-1 -0.0151392
-1 -0.0151127
-1 -0.0150863
-1 -0.01506
-1 -0.0150338
-1 -0.0150077
-1 -0.0149817
-1 -0.0149557
-1 -0.0149299
-1 -0.0149041
-1 -0.0148785
-1 -0.0148529
-1 -0.0148274
-1 -0.014802
-1 -0.0147767
-1 -0.0147515
-1 -0.0147263
-1 -0.0147013
-1 -0.0146763
-1 -0.0146514
-1 -0.0146266
-1 -0.0146019
-1 -0.0145773
-1 -0.0145527
-1 -0.0145282
-1 -0.0145039
-1 -0.0144795
-1 -0.0144553
-1 -0.0144312
-1 -0.0144071
-1 -0.0143831
-1 -0.0143592
-1 -0.0143354
-1 -0.0143117
-1 -0.014288
-1 -0.0142644
-1 -0.0142409
-1 -0.0142175
-1 -0.0141941
-1 -0.0141708
-1 -0.0141476
-1 -0.0141245
-1 -0.0141014
-1 -0.0140785
-1 -0.0140556
-1 -0.0140327
-1 -0.01401
-1 -0.0139873
-1 -0.0139647
-1 -0.0139421
-1 -0.0139197
-1 -0.0138973
-1 -0.013875
-1 -0.0138527
-1 -0.0138306
-1 -0.0138085
-1 -0.0137864
-1 -0.0137645
-1 -0.0137426
-1 -0.0137207
-1 -0.013699
-1 -0.0136773
-1 -0.0136557
-1 -0.0136341
-1 -0.0136126
-1 -0.0135912
-1 -0.0135699
-1 -0.0135486
-1 -0.0135274
-1 -0.0135062
-1 -0.0134852
-1 -0.0134641
-0.995 -0.0108054
-1 -0.0146122
-1 -0.0145896
-1 -0.014567
-1 -0.0145445
-1 -0.0145221
-1 -0.0144998
-1 -0.0144775
-1 -0.0144553
-1 -0.0144332
-1 -0.0144111
-1 -0.0143891
-1 -0.0143672
-1 -0.0143453
-1 -0.0143235
-1 -0.0143018
-1 -0.0142801
-1 -0.0142585
-1 -0.014237
-1 -0.0142155
-1 -0.0141941
-1 -0.0141728
-1 -0.0141515
-1 -0.0141303
-1 -0.0141091
-1 -0.014088
-1 -0.014067
-1 -0.014046
-1 -0.0140251
-1 -0.0140043
-1 -0.0139835
-1 -0.0139628
-1 -0.0139421
-1 -0.0139216
-1 -0.013901
-1 -0.0138806
-1 -0.0138601
-1 -0.0138398
-1 -0.0138195
-1 -0.0137993
-1 -0.0137791
-1 -0.013759
-1 -0.0137389
-1 -0.0137189
-1 -0.013699
-1 -0.0136791
-1 -0.0136593
-1 -0.0136395
-1 -0.0136198
-1 -0.0136001
-1 -0.0135805
-1 -0.013561
-1 -0.0135415
-1 -0.0135221
-1 -0.0135027
-1 -0.0134834
-1 -0.0134641
-1 -0.0134449
-1 -0.0134258
-1 -0.0134067
-1 -0.0133876
-1 -0.0133687
-1 -0.0133497
-1 -0.0133308
-1 -0.013312
-1 -0.0132932
-1 -0.0132745
-1 -0.0132558
-1 -0.0132372
-1 -0.0132187
-1 -0.0132001
-1 -0.0131817
-1 -0.0131633
-1 -0.0131449
-1 -0.0131266
-1 -0.0131083
-1 -0.0130901
-1 -0.013072
-1 -0.0130539
-1 -0.0130358
-1 -0.0130178
-1 -0.0129999
-1 -0.0129819
-1 -0.0129641
-1 -0.0129463
-1 -0.0129285
-1 -0.0129108
-1 -0.0128931
-1 -0.0128755
-1 -0.012858
-1 -0.0128404
-1 -0.012823
-1 -0.0128056
-1 -0.0127882
-1 -0.0127709
-1 -0.0127536
-1 -0.0127363
-1 -0.0127191
-1 -0.012702
-1 -0.0126849
-1 -0.0126679
-1 -0.0126508
-1 -0.0126339
-1 -0.012617
-1 -0.0126001
-1 -0.0125833
-1 -0.0125665
-1 -0.0125498
-1 -0.0125331
-1 -0.0125164
-1 -0.0124998
-1 -0.0124833
-1 -0.0124668
-1 -0.0124503
-1 -0.0124339
-1 -0.0124175
-1 -0.0124011
-1 -0.0123848
-1 -0.0123686
-1 -0.0123524
-1 -0.0123362
-1 -0.0123201
-1 -0.012304
-1 -0.012288
-1 -0.012272
-1 -0.012256
-1 -0.0122401
-1 -0.0122242
-1 -0.0122084
-1 -0.0121926
-1 -0.0121768
-1 -0.0121611
-1 -0.0121454
-1 -0.0121298
-1 -0.0121142
-1 -0.0120987
-1 -0.0120831
-1 -0.0120677
-1 -0.0120522
-1 -0.0120368
-1 -0.0120215
-1 -0.0120062
-1 -0.0119909
-1 -0.0119757
-1 -0.0119605
-1 -0.0119453
-1 -0.0119302
-1 -0.0119151
-1 -0.0119
-1 -0.011885
-1 -0.0118701
-1 -0.0118551
-1 -0.0118402
-1 -0.0118254
-1 -0.0118106
-1 -0.0117958
-1 -0.011781
-1 -0.0117663
-1 -0.0117516
-1 -0.011737
-1 -0.0117224
-1 -0.0117078
-1 -0.0116933
-1 -0.0116788
-1 -0.0116644
-1 -0.01165
-1 -0.0116356
-1 -0.0116212
-1 -0.0116069
-1 -0.0115926
-1 -0.0115784
-1 -0.0115642
-1 -0.01155
-1 -0.0115359
-1 -0.0115218
-1 -0.0115077
-1 -0.0114937
-1 -0.0114796
-1 -0.0114657
-1 -0.0114517
-1 -0.0114378
-1 -0.011424
-1 -0.0114102
-1 -0.0113964
-1 -0.0113826
-1 -0.0113689
-1 -0.0113552
-1 -0.0113415
-1 -0.0113279
-1 -0.0113143
-1 -0.0113007
-1 -0.0112871
-1 -0.0112736
-1 -0.0112602
-1 -0.0112467
-1 -0.0112333
-1 -0.01122
-1 -0.0112066
-1 -0.0111933
-1 -0.01118
-1 -0.0111668
-1 -0.0111536
-1 -0.0111404
-1 -0.0111272
-1 -0.0111141
-1 -0.011101
-1 -0.0110879
-1 -0.0110749
-1 -0.0110619
-1 -0.0110489
-1 -0.011036
-1 -0.0110231
-1 -0.0110102
-1 -0.0109974
-1 -0.0109845
-1 -0.0109717
-1 -0.010959
-1 -0.0109463
-1 -0.0109336
-1 -0.0109209
-1 -0.0109082
-1 -0.0108956
-1 -0.010883
-1 -0.0108705
-1 -0.010858
-1 -0.0108455
-1 -0.010833
-1 -0.0108206
-1 -0.0108081
-1 -0.0107958
-1 -0.0107834
-1 -0.0107711
-1 -0.0107588
-1 -0.0107465
-1 -0.0107343
-1 -0.0107221
-1 -0.0107099
-1 -0.0106977
-1 -0.0106856
-1 -0.0106735
-1 -0.0106614
-1 -0.0106494
-1 -0.0106373
-1 -0.0106253
-1 -0.0106134
-1 -0.0106014
-1 -0.0105895
-1 -0.0105776
-1 -0.0105658
-1 -0.0105539
-1 -0.0105421
-1 -0.0105303
-1 -0.0105186
-1 -0.0105069
-1 -0.0104952
-1 -0.0104835
-1 -0.0104718
-1 -0.0104602
-1 -0.0104486
-1 -0.010437
-1 -0.0104255
-1 -0.010414
-1 -0.0104025
-1 -0.010391
-1 -0.0103796
-1 -0.0103681
-1 -0.0103567
-1 -0.0103454
-1 -0.010334
-1 -0.0103227
-1 -0.0103114
-1 -0.0103001
-1 -0.0102889
-1 -0.0102777
-1 -0.0102665
-1 -0.0102553
-1 -0.0102441
-1 -0.010233
-1 -0.0102219
-1 -0.0102108
-1 -0.0101998
-1 -0.0101888
-1 -0.0101778
-1 -0.0101668
-1 -0.0101558
-1 -0.0101449
-1 -0.010134
-1 -0.0101231
-1 -0.0101122
-1 -0.0101014
-1 -0.0100906
-1 -0.0100798
-1 -0.010069
-1 -0.0100582
-1 -0.0100475
-1 -0.0100368
-1 -0.0100261
-1 -0.0100155
-1 -0.0100049
-1 -0.00999424
-1 -0.00998365
-1 -0.00997308
-1 -0.00996254
-1 -0.00995202
-1 -0.00994152
-1 -0.00993104
-1 -0.00992058
-1 -0.00991015
-1 -0.00989974
-1 -0.00988935
-1 -0.00987898
-1 -0.00986863
-1 -0.00985831
-1 -0.009848
-1 -0.00983772
-1 -0.00982746
-1 -0.00981722
-1 -0.009807
-1 -0.00979681
-1 -0.00978663
-1 -0.00977648
-1 -0.00976634
-1 -0.00975623
-1 -0.00974614
-1 -0.00973607
-1 -0.00972602
-1 -0.00971599
-1 -0.00970598
-1 -0.009696
-1 -0.00968603
-1 -0.00967608
-1 -0.00966616
-1 -0.00965625
-1 -0.00964636
-1 -0.0096365
-1 -0.00962665
-1 -0.00961683
-1 -0.00960702
-1 -0.00959724
-1 -0.00958747
-1 -0.00957773
-1 -0.009568
-1 -0.0095583
-1 -0.00954861
-1 -0.00953894
-1 -0.0095293
-1 -0.00951967
-1 -0.00951006
-1 -0.00950047
-1 -0.0094909
-1 -0.00948135
-0.995 -0.00638897
-1 -0.0102373
-1 -0.010227
-1 -0.0102168
-1 -0.0102066
-1 -0.0101964
-1 -0.0101862
-1 -0.0101761
-1 -0.0101659
-1 -0.0101558
-1 -0.0101457
-1 -0.0101356
-1 -0.0101256
-1 -0.0101156
-1 -0.0101055
-1 -0.0100956
-1 -0.0100856
-1 -0.0100756
-1 -0.0100657
-1 -0.0100558
-1 -0.0100459
-1 -0.010036
