-0.215 0.046225
-0.355 0.076325
-0.415 0.089225
-0.495 0.106425
-0.57 0.12255
-0.61 0.13115
-0.66 0.1419
-0.72 0.1548
-0.79 0.16985
-0.85 0.18275
-0.97 0.20855
-0.995 0.213925
-0.995 0.213925
-0.995 0.213925
-0.995 0.213925
-1 0.142969
-0.995 0.146209
-1 0.0923457
-1 0.0480886
-1 0.012
-1 -0.0175964
-1 -0.0419835
-1 -0.062155
-1 -0.0788889
-1 -0.0928
-1 -0.104379
-1 -0.114019
-1 -0.122041
-1 -0.128704
-1 -0.134222
-1 -0.138772
-1 -0.1425
-1 -0.145528
-1 -0.147958
-1 -0.149878
-1 -0.151358
-1 -0.152462
-1 -0.153241
-1 -0.153741
-1 -0.154
-1 -0.154051
-1 -0.153923
-1 -0.15364
-1 -0.153223
-1 -0.152691
-1 -0.15206
-1 -0.151344
-1 -0.150556
-1 -0.149704
-1 -0.1488
-1 -0.147851
-1 -0.146864
-1 -0.145845
-1 -0.144801
-1 -0.143736
-1 -0.142653
-1 -0.141557
-1 -0.140452
-1 -0.139339
-1 -0.138222
-1 -0.137103
-1 -0.135983
-1 -0.134865
-1 -0.13375
-0.995 -0.134288
-0.995 -0.137149
-1 -0.138719
-1 -0.137725
-1 -0.13673
-1 -0.135735
-1 -0.134741
-1 -0.13375
-1 -0.132762
-1 -0.131779
-1 -0.1308
-1 -0.129827
-1 -0.12886
-1 -0.127899
-1 -0.126946
-1 -0.126
-1 -0.125062
-1 -0.124131
-1 -0.123209
-0.995 -0.123603
-1 -0.125505
-1 -0.12462
-1 -0.123742
-1 -0.122872
-0.995 -0.123104
-1 -0.125062
-1 -0.124224
-0.995 -0.124298
-1 -0.12627
-1 -0.125463
-1 -0.124662
-1 -0.123867
-1 -0.123078
-1 -0.122296
-1 -0.12152
-1 -0.12075
-1 -0.119987
-1 -0.11923
-1 -0.11848
-0.995 -0.118442
-0.995 -0.121141
-1 -0.123249
-1 -0.122533
-1 -0.121823
-1 -0.121117
-1 -0.120417
-1 -0.119723
-1 -0.119034
-1 -0.11835
-0.995 -0.118069
-1 -0.120272
-1 -0.119608
-1 -0.118948
-1 -0.118294
-1 -0.117644
-1 -0.117
-1 -0.116361
-1 -0.115727
-1 -0.115098
-1 -0.114475
-1 -0.113856
-1 -0.113243
-1 -0.112634
-1 -0.112031
-1 -0.111433
-1 -0.11084
-1 -0.110252
-1 -0.109669
-1 -0.109092
-1 -0.108519
-1 -0.107951
-1 -0.107388
-1 -0.106829
-1 -0.106276
-1 -0.105727
-1 -0.105184
-1 -0.104645
-1 -0.10411
-1 -0.103581
-1 -0.103056
-1 -0.102535
-1 -0.102019
-1 -0.101508
-1 -0.101001
-1 -0.100498
-1 -0.1
-1 -0.0995062
-1 -0.0990166
-0.995 -0.0984608
-0.995 -0.100948
-1 -0.10354
-1 -0.103056
-1 -0.102575
-1 -0.102098
-1 -0.101625
-1 -0.101156
-1 -0.100691
-1 -0.100229
-1 -0.0997715
-1 -0.0993174
-1 -0.0988669
-1 -0.0984199
-1 -0.0979766
-1 -0.0975368
-1 -0.0971006
-1 -0.0966678
-1 -0.0962385
-1 -0.0958126
-1 -0.0953901
-1 -0.0949709
-1 -0.0945551
-0.995 -0.0937338
-1 -0.0964766
-1 -0.0960646
-1 -0.0956557
-1 -0.09525
-1 -0.0948474
-1 -0.0944478
-1 -0.0940513
-1 -0.0936578
-1 -0.0932673
-1 -0.0928798
-1 -0.0924952
-1 -0.0921135
-1 -0.0917347
-1 -0.0913587
-1 -0.0909856
-1 -0.0906152
-1 -0.0902477
-1 -0.0898828
-1 -0.0895207
-1 -0.0891613
-1 -0.0888045
-1 -0.0884504
-1 -0.0880989
-0.995 -0.087075
-1 -0.0899478
-1 -0.0895981
-1 -0.0892509
-1 -0.0889062
-1 -0.088564
-1 -0.0882241
-1 -0.0878868
-1 -0.0875518
-1 -0.0872192
-0.995 -0.0860999
-1 -0.089001
-1 -0.0886699
-1 -0.088341
-1 -0.0880145
-1 -0.0876901
-1 -0.087368
-1 -0.087048
-1 -0.0867303
-1 -0.0864147
-1 -0.0861012
-1 -0.0857899
-1 -0.0854807
-1 -0.0851735
-1 -0.0848685
-1 -0.0845654
-0.995 -0.0833215
-1 -0.0862786
-1 -0.0859765
-1 -0.0856763
-1 -0.0853781
-1 -0.0850818
-1 -0.0847875
-1 -0.084495
-1 -0.0842045
-1 -0.0839158
-1 -0.083629
-1 -0.083344
-1 -0.0830609
-1 -0.0827795
-1 -0.0825
-1 -0.0822222
-1 -0.0819462
-1 -0.081672
-1 -0.0813995
-1 -0.0811287
-1 -0.0808596
-1 -0.0805922
-0.995 -0.0792
-1 -0.0822312
-1 -0.081964
-1 -0.0816985
-1 -0.0814346
-1 -0.0811723
-1 -0.0809116
-1 -0.0806524
-1 -0.0803949
-1 -0.0801389
-1 -0.0798845
-1 -0.0796316
-1 -0.0793802
-1 -0.0791303
-1 -0.0788819
-1 -0.078635
-1 -0.0783896
-1 -0.0781456
-1 -0.0779031
-1 -0.077662
-1 -0.0774223
-1 -0.077184
-1 -0.0769472
-1 -0.0767117
-1 -0.0764776
-1 -0.0762449
-1 -0.0760135
-1 -0.0757835
-1 -0.0755548
-1 -0.0753274
-1 -0.0751013
-1 -0.0748765
-1 -0.0746531
-1 -0.0744309
-1 -0.0742099
-1 -0.0739902
-1 -0.0737718
-1 -0.0735546
-1 -0.0733387
-1 -0.0731239
-1 -0.0729104
-1 -0.0726981
-1 -0.0724869
-1 -0.072277
-1 -0.0720682
-1 -0.0718605
-1 -0.0716541
-1 -0.0714487
-1 -0.0712445
-1 -0.0710414
-1 -0.0708395
-1 -0.0706386
-1 -0.0704389
-1 -0.0702402
-1 -0.0700427
-1 -0.0698461
-1 -0.0696507
-1 -0.0694563
-1 -0.069263
-1 -0.0690707
-1 -0.0688794
-1 -0.0686892
-1 -0.0685
-1 -0.0683118
-1 -0.0681246
-1 -0.0679384
-0.995 -0.0661987
-1 -0.0694261
-1 -0.0692389
-1 -0.0690527
-1 -0.0688675
-1 -0.0686833
-1 -0.0685
-1 -0.0683177
-1 -0.0681363
-1 -0.0679558
-1 -0.0677763
-1 -0.0675976
-1 -0.0674199
-1 -0.0672431
-1 -0.0670672
-1 -0.0668922
-1 -0.0667181
-1 -0.0665448
-1 -0.0663725
-1 -0.066201
-1 -0.0660303
-1 -0.0658605
-1 -0.0656916
-1 -0.0655235
-1 -0.0653563
-1 -0.0651898
-1 -0.0650242
-1 -0.0648594
-1 -0.0646955
-1 -0.0645323
-1 -0.0643699
-1 -0.0642084
-1 -0.0640476
-1 -0.0638876
-1 -0.0637284
-1 -0.0635699
-1 -0.0634122
-1 -0.0632553
-1 -0.0630992
-1 -0.0629438
-1 -0.0627891
-1 -0.0626352
-1 -0.062482
-1 -0.0623296
-1 -0.0621778
-1 -0.0620268
-1 -0.0618765
-1 -0.061727
-1 -0.0615781
-1 -0.0614299
-1 -0.0612825
-1 -0.0611357
-1 -0.0609896
-1 -0.0608442
-1 -0.0606994
-1 -0.0605554
-1 -0.060412
-1 -0.0602693
-1 -0.0601272
-1 -0.0599858
-1 -0.059845
-1 -0.0597049
-0.995 -0.0577072
-0.99 -0.0557142
-1 -0.062518
-1 -0.0623743
-1 -0.0622313
-1 -0.0620889
-1 -0.0619472
-1 -0.0618061
-1 -0.0616656
-1 -0.0615257
-1 -0.0613865
-1 -0.0612479
-0.995 -0.0592007
-1 -0.0625344
-1 -0.0623948
-1 -0.0622558
-1 -0.0621173
-1 -0.0619795
-1 -0.0618423
-1 -0.0617057
-1 -0.0615696
-1 -0.0614342
-1 -0.0612993
-1 -0.061165
-1 -0.0610313
-1 -0.0608981
-1 -0.0607655
-1 -0.0606335
-1 -0.060502
-1 -0.0603711
-0.995 -0.0582619
-1 -0.0616111
-0.99 -0.0560216
-1 -0.0628308
-1 -0.0626975
-1 -0.0625647
-1 -0.0624325
-1 -0.0623008
-1 -0.0621697
-1 -0.062039
-1 -0.061909
-1 -0.0617794
-1 -0.0616504
-1 -0.0615219
-1 -0.061394
-1 -0.0612666
-1 -0.0611396
-1 -0.0610132
-1 -0.0608873
-1 -0.0607619
-1 -0.0606371
-1 -0.0605127
-1 -0.0603888
-1 -0.0602654
-1 -0.0601425
-1 -0.0600201
-1 -0.0598982
-1 -0.0597768
-1 -0.0596558
-1 -0.0595353
-1 -0.0594153
-1 -0.0592958
-1 -0.0591768
-1 -0.0590582
-1 -0.0589401
-1 -0.0588224
-0.995 -0.0566022
-1 -0.0599783
-1 -0.0598598
-1 -0.0597417
-1 -0.0596241
-1 -0.0595069
-1 -0.0593901
-1 -0.0592739
-1 -0.059158
-1 -0.0590426
-1 -0.0589277
-1 -0.0588132
-1 -0.0586991
-1 -0.0585854
-1 -0.0584722
-1 -0.0583594
-1 -0.0582471
-1 -0.0581351
-1 -0.0580236
-1 -0.0579125
-1 -0.0578019
-1 -0.0576916
-0.995 -0.0554112
-1 -0.0588044
-1 -0.0586932
-1 -0.0585825
-1 -0.0584722
-1 -0.0583623
-0.995 -0.0560659
-1 -0.0594543
-1 -0.0593436
-1 -0.0592333
-0.995 -0.0569264
-0.995 -0.0581093
-0.995 -0.0592799
-1 -0.0626388
-1 -0.0625247
-1 -0.062411
-1 -0.0622977
-1 -0.0621849
-1 -0.0620724
-0.995 -0.0597432
-1 -0.0630992
-1 -0.0629861
-1 -0.0628734
-1 -0.0627611
-1 -0.0626492
-1 -0.0625376
-1 -0.0624265
-1 -0.0623157
-1 -0.0622054
-1 -0.0620954
-1 -0.0619858
-1 -0.0618765
-1 -0.0617677
-1 -0.0616592
-1 -0.0615511
-1 -0.0614434
-1 -0.061336
-1 -0.061229
-1 -0.0611224
-1 -0.0610161
-1 -0.0609102
-1 -0.0608046
-1 -0.0606994
-1 -0.0605946
-0.995 -0.0582084
-1 -0.0615847
-1 -0.0614792
-1 -0.0613741
-1 -0.0612694
-1 -0.061165
-1 -0.0610609
-1 -0.0609572
-1 -0.0608538
-1 -0.0607508
-1 -0.0606481
-1 -0.0605458
-1 -0.0604438
-1 -0.0603421
-1 -0.0602408
-1 -0.0601398
-0.995 -0.0577197
-1 -0.0611039
-1 -0.0610023
-1 -0.060901
-1 -0.0608
-0.995 -0.0583703
-1 -0.0617492
-1 -0.0616477
-1 -0.0615465
-1 -0.0614457
-1 -0.0613451
-1 -0.0612449
-1 -0.061145
-1 -0.0610454
-1 -0.0609462
-1 -0.0608473
-1 -0.0607486
-1 -0.0606503
-1 -0.0605523
-0.995 -0.0580951
-1 -0.0614792
-1 -0.0613807
-1 -0.0612825
-1 -0.0611845
-1 -0.0610869
-1 -0.0609896
-1 -0.0608926
-1 -0.0607958
-1 -0.0606994
-1 -0.0606033
-1 -0.0605075
-1 -0.060412
-1 -0.0603168
-1 -0.0602218
-1 -0.0601272
-1 -0.0600328
-1 -0.0599388
-1 -0.059845
-1 -0.0597515
-1 -0.0596583
-1 -0.0595654
-1 -0.0594728
-1 -0.0593804
-1 -0.0592884
-1 -0.0591966
-1 -0.0591051
-1 -0.0590139
-1 -0.0589229
-1 -0.0588322
-1 -0.0587418
-1 -0.0586517
-1 -0.0585618
-1 -0.0584722
-1 -0.0583829
-1 -0.0582938
-1 -0.0582051
-1 -0.0581165
-1 -0.0580283
-1 -0.0579403
-1 -0.0578525
-1 -0.0577651
-1 -0.0576778
-1 -0.0575909
-1 -0.0575042
-1 -0.0574177
-1 -0.0573316
-1 -0.0572456
-0.995 -0.0547
-1 -0.0581237
-1 -0.0580373
-1 -0.057951
-1 -0.0578651
-1 -0.0577793
-1 -0.0576938
-1 -0.0576086
-1 -0.0575236
-1 -0.0574389
-1 -0.0573544
-1 -0.0572701
-1 -0.0571861
-1 -0.0571024
-1 -0.0570189
-1 -0.0569356
-1 -0.0568525
-1 -0.0567697
-1 -0.0566871
-1 -0.0566048
-1 -0.0565227
-1 -0.0564408
-1 -0.0563592
-1 -0.0562778
-1 -0.0561966
-1 -0.0561157
-1 -0.056035
-1 -0.0559545
-1 -0.0558743
-1 -0.0557942
-1 -0.0557144
-1 -0.0556348
-1 -0.0555555
-1 -0.0554764
-1 -0.0553974
-1 -0.0553187
-1 -0.0552403
-0.995 -0.0526341
-1 -0.0560818
-1 -0.0560028
-1 -0.055924
-1 -0.0558454
-1 -0.0557671
-1 -0.0556889
-1 -0.055611
-1 -0.0555333
-1 -0.0554558
-1 -0.0553785
-1 -0.0553015
-0.995 -0.052678
-1 -0.0561268
-1 -0.0560492
-1 -0.0559718
-1 -0.0558947
-1 -0.0558177
-1 -0.055741
-1 -0.0556645
-1 -0.0555881
-1 -0.055512
-1 -0.0554361
-0.995 -0.0527976
-1 -0.0562466
-1 -0.0561702
-1 -0.056094
-1 -0.0560179
-1 -0.0559421
-1 -0.0558665
-1 -0.0557912
-1 -0.055716
-1 -0.055641
-0.995 -0.0529893
-1 -0.0564378
-1 -0.0563623
-1 -0.056287
-1 -0.0562119
-1 -0.0561371
-1 -0.0560624
-1 -0.0559879
-1 -0.0559136
-1 -0.0558395
-1 -0.0557656
-1 -0.0556919
-1 -0.0556184
-1 -0.055545
-1 -0.0554719
-0.995 -0.0528004
-1 -0.0562522
-1 -0.0561786
-1 -0.0561052
-0.995 -0.0534301
-1 -0.0568767
-1 -0.0568028
-1 -0.0567292
-1 -0.0566557
-1 -0.0565824
-1 -0.0565093
-1 -0.0564364
-1 -0.0563637
-1 -0.0562911
-1 -0.0562188
-1 -0.0561466
-1 -0.0560746
-1 -0.0560028
-1 -0.0559311
-1 -0.0558597
-1 -0.0557884
-1 -0.0557173
-1 -0.0556464
-1 -0.0555757
-1 -0.0555051
-1 -0.0554347
-1 -0.0553645
-1 -0.0552945
-1 -0.0552246
-1 -0.0551549
-1 -0.0550854
-1 -0.0550161
-1 -0.0549469
-1 -0.0548779
-1 -0.0548091
-1 -0.0547404
-1 -0.0546719
-1 -0.0546036
-1 -0.0545354
-1 -0.0544675
-1 -0.0543996
-1 -0.054332
-1 -0.0542645
-1 -0.0541972
-1 -0.05413
-1 -0.054063
-1 -0.0539962
-1 -0.0539295
-1 -0.053863
-1 -0.0537967
-1 -0.0537305
-1 -0.0536645
-1 -0.0535986
-1 -0.0535329
-1 -0.0534673
-1 -0.053402
-1 -0.0533367
-1 -0.0532717
-1 -0.0532067
-1 -0.053142
-1 -0.0530774
-1 -0.0530129
-1 -0.0529486
-1 -0.0528845
-0.995 -0.050132
-1 -0.0536139
-1 -0.0535493
-1 -0.0534849
-1 -0.0534206
-1 -0.0533565
-1 -0.0532926
-1 -0.0532287
-1 -0.0531651
-0.995 -0.0504037
-1 -0.053884
-1 -0.0538199
-1 -0.053756
-1 -0.0536922
-1 -0.0536286
-0.995 -0.0508622
-0.995 -0.0516378
-1 -0.0551078
-1 -0.0550431
-1 -0.0549785
-1 -0.0549141
-0.995 -0.0521451
-1 -0.055611
-1 -0.0555462
-1 -0.0554816
-1 -0.0554171
-1 -0.0553528
-1 -0.0552886
-1 -0.0552246
-1 -0.0551607
-1 -0.055097
-1 -0.0550334
-1 -0.0549699
-1 -0.0549066
-1 -0.0548435
-1 -0.0547804
-1 -0.0547176
-1 -0.0546548
-1 -0.0545922
-1 -0.0545298
-1 -0.0544675
-1 -0.0544053
-1 -0.0543432
-1 -0.0542814
-0.995 -0.051488
-1 -0.0549616
-0.995 -0.0521684
-1 -0.0556361
-1 -0.0555734
-1 -0.0555108
-1 -0.0554483
-1 -0.055386
-1 -0.0553238
-1 -0.0552618
-0.995 -0.052462
-1 -0.0559277
-1 -0.0558654
-1 -0.0558031
-1 -0.055741
-1 -0.055679
-1 -0.0556172
-1 -0.0555555
-1 -0.0554939
-1 -0.0554325
-1 -0.0553712
-1 -0.05531
-1 -0.055249
-1 -0.0551881
-1 -0.0551273
-1 -0.0550667
-1 -0.0550062
-1 -0.0549458
-1 -0.0548856
-1 -0.0548254
-1 -0.0547655
-1 -0.0547056
-0.995 -0.0518843
-1 -0.0553568
-1 -0.0552967
-1 -0.0552366
-1 -0.0551767
-0.995 -0.0523525
-1 -0.0558213
-1 -0.055761
-1 -0.0557009
-1 -0.055641
-1 -0.0555811
-1 -0.0555214
-1 -0.0554618
-1 -0.0554023
-1 -0.0553429
-1 -0.0552837
-1 -0.0552246
-0.995 -0.0523904
-1 -0.0558597
-1 -0.0558003
-1 -0.055741
-1 -0.0556818
-1 -0.0556228
-1 -0.0555639
-1 -0.0555051
-1 -0.0554464
-1 -0.0553879
-1 -0.0553295
-1 -0.0552712
-1 -0.055213
-1 -0.0551549
-1 -0.055097
-1 -0.0550392
-1 -0.0549815
-1 -0.0549239
-1 -0.0548664
-0.995 -0.0520154
-1 -0.0554893
-1 -0.0554316
-1 -0.0553739
-1 -0.0553164
-1 -0.055259
-1 -0.0552017
-1 -0.0551445
-1 -0.0550875
-1 -0.0550305
-1 -0.0549737
-1 -0.054917
-1 -0.0548604
-1 -0.0548039
-1 -0.0547476
-1 -0.0546913
-1 -0.0546352
-1 -0.0545792
-1 -0.0545233
-1 -0.0544675
-1 -0.0544118
-1 -0.0543562
-1 -0.0543007
-1 -0.0542454
-1 -0.0541901
-1 -0.054135
-1 -0.05408
-1 -0.0540251
-0.995 -0.0511494
-1 -0.0546327
-0.995 -0.0517576
-1 -0.0552357
-1 -0.0551802
-1 -0.0551247
-1 -0.0550693
-1 -0.0550141
-1 -0.0549589
-1 -0.0549039
-1 -0.0548489
-1 -0.0547941
-1 -0.0547394
-1 -0.0546848
-1 -0.0546303
-1 -0.0545759
-1 -0.0545216
-1 -0.0544675
-1 -0.0544134
-1 -0.0543594
-1 -0.0543056
-1 -0.0542518
-1 -0.0541981
-1 -0.0541446
-1 -0.0540912
-1 -0.0540378
-1 -0.0539846
-1 -0.0539315
-1 -0.0538784
-1 -0.0538255
-1 -0.0537727
-1 -0.05372
-1 -0.0536673
-1 -0.0536148
-1 -0.0535624
-1 -0.0535101
-1 -0.0534579
-1 -0.0534057
-1 -0.0533537
-1 -0.0533018
-1 -0.05325
-1 -0.0531983
-1 -0.0531467
-1 -0.0530951
-1 -0.0530437
-1 -0.0529924
-1 -0.0529412
-1 -0.0528901
-1 -0.052839
-0.995 -0.0499238
-1 -0.0534206
-1 -0.0533693
-1 -0.0533181
-1 -0.053267
-0.995 -0.0503499
-1 -0.0538434
-1 -0.053792
-1 -0.0537407
-1 -0.0536896
-1 -0.0536385
-1 -0.0535875
-1 -0.0535366
-1 -0.0534858
-1 -0.0534351
-1 -0.0533845
-1 -0.053334
-1 -0.0532836
-1 -0.0532332
-1 -0.053183
-1 -0.0531329
-1 -0.0530828
-1 -0.0530329
-1 -0.052983
-1 -0.0529333
-1 -0.0528836
-1 -0.052834
-1 -0.0527845
-1 -0.0527351
-1 -0.0526858
-1 -0.0526366
-1 -0.0525875
-1 -0.0525384
-1 -0.0524895
-1 -0.0524406
-1 -0.0523919
-1 -0.0523432
-1 -0.0522946
-1 -0.0522461
-1 -0.0521977
-1 -0.0521494
-1 -0.0521011
-1 -0.052053
-1 -0.0520049
-1 -0.051957
-1 -0.0519091
-1 -0.0518613
-1 -0.0518136
-1 -0.0517659
-1 -0.0517184
-0.995 -0.0487663
-1 -0.0522757
-1 -0.0522279
-1 -0.0521802
-1 -0.0521326
-1 -0.0520851
-1 -0.0520376
-1 -0.0519903
-1 -0.051943
-1 -0.0518958
-1 -0.0518487
-1 -0.0518017
-1 -0.0517547
-1 -0.0517079
-1 -0.0516611
-1 -0.0516144
-1 -0.0515678
-1 -0.0515213
-1 -0.0514748
-1 -0.0514285
-1 -0.0513822
-1 -0.051336
-1 -0.0512899
-1 -0.0512439
-1 -0.0511979
-1 -0.051152
-1 -0.0511063
-1 -0.0510606
-1 -0.0510149
-1 -0.0509694
-1 -0.0509239
-1 -0.0508785
-1 -0.0508332
-1 -0.050788
-0.995 -0.0478118
-1 -0.0513309
-0.99 -0.0447952
-0.995 -0.0489427
-1 -0.0524523
-1 -0.0524061
-1 -0.05236
-1 -0.052314
-1 -0.0522681
-1 -0.0522222
-1 -0.0521764
-1 -0.0521307
-1 -0.0520851
-1 -0.0520395
-1 -0.051994
-1 -0.0519486
-1 -0.0519033
-1 -0.0518581
-1 -0.0518129
-1 -0.0517678
-1 -0.0517228
-1 -0.0516779
-1 -0.0516331
-1 -0.0515883
-1 -0.0515436
-1 -0.051499
-1 -0.0514544
-0.995 -0.0484655
-1 -0.0519803
-1 -0.0519355
-1 -0.0518908
-1 -0.0518462
-1 -0.0518017
-0.995 -0.0488109
-1 -0.052323
-1 -0.0522782
-1 -0.0522335
-1 -0.0521889
-1 -0.0521443
-1 -0.0520999
-1 -0.0520555
-1 -0.0520112
-1 -0.0519669
-1 -0.0519227
-1 -0.0518786
-1 -0.0518346
-1 -0.0517907
-1 -0.0517468
-1 -0.051703
-1 -0.0516593
-1 -0.0516156
-1 -0.051572
-1 -0.0515285
-1 -0.0514851
-1 -0.0514417
-1 -0.0513984
-1 -0.0513552
-1 -0.051312
-1 -0.051269
-1 -0.0512259
-1 -0.051183
-1 -0.0511401
-1 -0.0510973
-0.995 -0.0480878
-1 -0.0516072
-1 -0.0515642
-0.995 -0.048555
-0.995 -0.0491066
-1 -0.0526175
-1 -0.052574
-1 -0.0525305
-0.995 -0.0495228
-0.995 -0.0500683
-0.995 -0.0506114
-1 -0.0541098
-1 -0.0540654
-1 -0.0540211
-1 -0.0539769
-1 -0.0539327
-1 -0.0538886
-1 -0.0538446
-1 -0.0538007
-1 -0.0537568
-1 -0.053713
-1 -0.0536692
-1 -0.0536256
-1 -0.053582
-1 -0.0535384
-1 -0.053495
-1 -0.0534516
-1 -0.0534083
-1 -0.053365
-1 -0.0533218
-1 -0.0532787
-1 -0.0532357
-1 -0.0531927
-1 -0.0531498
-1 -0.0531069
-1 -0.0530642
-1 -0.0530215
-1 -0.0529788
-1 -0.0529362
-1 -0.0528937
-1 -0.0528513
-0.995 -0.0498289
-1 -0.0533352
-1 -0.0532926
-1 -0.05325
-1 -0.0532075
-1 -0.0531651
-1 -0.0531227
-0.995 -0.0500982
-1 -0.0536025
-1 -0.0535599
-1 -0.0535175
-1 -0.0534751
-1 -0.0534327
-1 -0.0533904
-1 -0.0533482
-1 -0.0533061
-1 -0.053264
-1 -0.053222
-1 -0.0531801
-1 -0.0531382
-1 -0.0530964
-1 -0.0530546
-1 -0.0530129
-1 -0.0529713
-1 -0.0529297
-1 -0.0528882
-1 -0.0528468
-1 -0.0528055
-1 -0.0527642
-1 -0.0527229
-1 -0.0526817
-0.995 -0.0496442
-1 -0.0531533
-1 -0.0531119
-1 -0.0530706
-1 -0.0530294
-1 -0.0529882
-1 -0.0529471
-1 -0.0529061
-1 -0.0528651
-1 -0.0528242
-1 -0.0527834
-1 -0.0527426
-1 -0.0527018
-1 -0.0526612
-1 -0.0526206
-1 -0.05258
-1 -0.0525396
-1 -0.0524991
-1 -0.0524588
-1 -0.0524185
-1 -0.0523783
-1 -0.0523381
-1 -0.052298
-1 -0.0522579
-1 -0.0522179
-1 -0.052178
-1 -0.0521381
-1 -0.0520983
-1 -0.0520586
-1 -0.0520189
-1 -0.0519793
-0.995 -0.048925
-1 -0.0524412
-1 -0.0524014
-1 -0.0523616
-1 -0.0523219
-1 -0.0522823
-1 -0.0522427
-1 -0.0522032
-1 -0.0521638
-1 -0.0521244
-1 -0.0520851
-1 -0.0520458
-1 -0.0520066
-1 -0.0519674
-1 -0.0519283
-1 -0.0518893
-1 -0.0518503
-1 -0.0518114
-1 -0.0517725
-1 -0.0517337
-1 -0.0516949
-1 -0.0516563
-1 -0.0516176
-1 -0.051579
-1 -0.0515405
-1 -0.051502
-0.995 -0.0484347
-1 -0.0519559
-1 -0.0519172
-1 -0.0518786
-1 -0.0518401
-1 -0.0518017
-1 -0.0517632
-1 -0.0517249
-1 -0.0516866
-1 -0.0516483
-1 -0.0516102
-1 -0.051572
-1 -0.0515339
-1 -0.0514959
-1 -0.051458
-1 -0.05142
-1 -0.0513822
-1 -0.0513444
-1 -0.0513066
-1 -0.051269
-1 -0.0512313
-1 -0.0511937
-1 -0.0511562
-1 -0.0511187
-1 -0.0510813
-1 -0.051044
-1 -0.0510066
-1 -0.0509694
-1 -0.0509322
-0.995 -0.0478506
-1 -0.0513775
-1 -0.0513401
-1 -0.0513028
-1 -0.0512656
-0.995 -0.0481835
-1 -0.0517079
-1 -0.0516704
-1 -0.0516331
-1 -0.0515957
-1 -0.0515585
-1 -0.0515213
-1 -0.0514841
-1 -0.051447
-1 -0.0514099
-1 -0.0513729
-1 -0.051336
-1 -0.0512991
-1 -0.0512623
-1 -0.0512255
-1 -0.0511887
-0.995 -0.0481002
-1 -0.0516257
-1 -0.0515888
-1 -0.0515519
-1 -0.0515151
-1 -0.0514784
-1 -0.0514417
-1 -0.0514051
-1 -0.0513685
-1 -0.0513319
-1 -0.0512955
-1 -0.051259
-1 -0.0512226
-1 -0.0511863
-1 -0.05115
-1 -0.0511138
-1 -0.0510776
-1 -0.0510415
-1 -0.0510054
-1 -0.0509694
-1 -0.0509334
-1 -0.0508975
-1 -0.0508616
-1 -0.0508258
-1 -0.05079
-1 -0.0507543
-1 -0.0507186
-1 -0.050683
-1 -0.0506474
-1 -0.0506119
-1 -0.0505764
-1 -0.0505409
-1 -0.0505056
-1 -0.0504702
-1 -0.0504349
-1 -0.0503997
-0.995 -0.0472941
-1 -0.0508273
-1 -0.0507919
-1 -0.0507566
-1 -0.0507213
-1 -0.0506861
-1 -0.0506509
-1 -0.0506157
-1 -0.0505806
-0.995 -0.0474726
-1 -0.0510046
-1 -0.0509694
-1 -0.0509342
-1 -0.050899
-1 -0.0508639
-1 -0.0508289
-1 -0.0507938
-1 -0.0507589
-1 -0.050724
-1 -0.0506891
-0.99 -0.0440113
-1 -0.0511092
-1 -0.0510742
-1 -0.0510392
-0.995 -0.0479281
-1 -0.0514568
-1 -0.0514216
-1 -0.0513866
-1 -0.0513516
-1 -0.0513166
-1 -0.0512816
-1 -0.0512468
-1 -0.0512119
-1 -0.0511771
-1 -0.0511424
-1 -0.0511077
-1 -0.0510731
-1 -0.0510385
-1 -0.0510039
-1 -0.0509694
-1 -0.0509349
-1 -0.0509005
-1 -0.0508661
-1 -0.0508318
-1 -0.0507975
-1 -0.0507633
-1 -0.0507291
-1 -0.050695
-1 -0.0506609
-1 -0.0506268
-0.995 -0.0475049
-1 -0.0510377
-1 -0.0510035
-1 -0.0509694
-1 -0.0509353
-1 -0.0509012
-1 -0.0508672
-1 -0.0508332
-1 -0.0507993
-0.995 -0.0476753
-1 -0.0512069
-1 -0.0511728
-1 -0.0511388
-1 -0.0511048
-1 -0.0510709
-1 -0.051037
-1 -0.0510032
-1 -0.0509694
-1 -0.0509356
-1 -0.0509019
-1 -0.0508683
-1 -0.0508346
-1 -0.0508011
-1 -0.0507675
-1 -0.050734
-1 -0.0507006
-1 -0.0506672
-1 -0.0506338
-1 -0.0506005
-1 -0.0505672
-1 -0.050534
-1 -0.0505008
-1 -0.0504677
-1 -0.0504346
-1 -0.0504015
-1 -0.0503685
-1 -0.0503355
-1 -0.0503026
-1 -0.0502697
-1 -0.0502369
-1 -0.0502041
-1 -0.0501713
-1 -0.0501386
-1 -0.0501059
-1 -0.0500733
-1 -0.0500407
-1 -0.0500081
-1 -0.0499756
-1 -0.0499432
-1 -0.0499107
-1 -0.0498784
-1 -0.049846
-1 -0.0498137
-1 -0.0497815
-1 -0.0497492
-1 -0.0497171
-1 -0.0496849
-1 -0.0496528
-1 -0.0496208
-1 -0.0495888
-1 -0.0495568
-1 -0.0495249
-1 -0.049493
-1 -0.0494611
-1 -0.0494293
-1 -0.0493976
-1 -0.0493658
-1 -0.0493341
-1 -0.0493025
-1 -0.0492709
-1 -0.0492393
-1 -0.0492078
-1 -0.0491763
-1 -0.0491449
-1 -0.0491134
-1 -0.0490821
-1 -0.0490508
-1 -0.0490195
-1 -0.0489882
-1 -0.048957
-1 -0.0489258
-0.995 -0.0457699
-1 -0.049319
-1 -0.0492877
-0.995 -0.0461326
-1 -0.0496788
-1 -0.0496473
-1 -0.0496159
-1 -0.0495846
-1 -0.0495533
-1 -0.049522
-1 -0.0494907
-1 -0.0494595
-1 -0.0494284
-1 -0.0493972
-1 -0.0493661
-1 -0.0493351
-1 -0.0493041
-1 -0.0492731
-1 -0.0492422
-1 -0.0492113
-0.995 -0.0460509
-1 -0.0495981
-1 -0.049567
-1 -0.049536
-1 -0.0495051
-1 -0.0494742
-1 -0.0494433
-1 -0.0494125
-1 -0.0493817
-1 -0.0493509
-1 -0.0493202
-1 -0.0492895
-1 -0.0492589
-1 -0.0492283
-0.995 -0.0460639
-1 -0.0496113
-1 -0.0495805
-1 -0.0495498
-1 -0.0495192
-0.995 -0.0463548
-1 -0.0498999
-1 -0.0498692
-1 -0.0498384
-1 -0.0498077
-1 -0.049777
-1 -0.0497464
-1 -0.0497158
-1 -0.0496852
-1 -0.0496547
-1 -0.0496242
-0.995 -0.0464573
-1 -0.0500018
-1 -0.0499712
-1 -0.0499406
-1 -0.0499101
-0.995 -0.0467433
-1 -0.0502855
-1 -0.0502549
-1 -0.0502243
-1 -0.0501937
-1 -0.0501631
-1 -0.0501326
-1 -0.0501021
-1 -0.0500717
-1 -0.0500413
-0.995 -0.0468724
-1 -0.0504138
-1 -0.0503833
-1 -0.0503528
-0.995 -0.0471844
-1 -0.0507233
-1 -0.0506927
-1 -0.0506621
-1 -0.0506316
-1 -0.0506011
-1 -0.0505707
-1 -0.0505403
-1 -0.0505099
-1 -0.0504796
-1 -0.0504492
-1 -0.050419
-1 -0.0503887
-1 -0.0503585
-1 -0.0503284
-0.995 -0.0471558
-1 -0.0506953
-1 -0.050665
-1 -0.0506348
-1 -0.0506046
-1 -0.0505744
-1 -0.0505443
-1 -0.0505142
-1 -0.0504841
-1 -0.0504541
-1 -0.0504241
-1 -0.0503941
-1 -0.0503642
-1 -0.0503343
-1 -0.0503044
-1 -0.0502746
-1 -0.0502448
-1 -0.0502151
-1 -0.0501854
-1 -0.0501557
-1 -0.0501261
-1 -0.0500965
-1 -0.0500669
-1 -0.0500373
-1 -0.0500078
-1 -0.0499784
-1 -0.0499489
-1 -0.0499195
-1 -0.0498902
-0.995 -0.0467078
-1 -0.0502515
-1 -0.050222
-1 -0.0501925
-1 -0.0501631
-1 -0.0501337
-1 -0.0501044
-1 -0.0500751
-1 -0.0500458
-1 -0.0500166
-1 -0.0499874
-1 -0.0499582
-1 -0.0499291
-1 -0.0498999
-1 -0.0498709
-1 -0.0498418
-1 -0.0498128
-1 -0.0497839
-1 -0.0497549
-1 -0.049726
-1 -0.0496971
-1 -0.0496683
-1 -0.0496395
-1 -0.0496107
-1 -0.049582
-1 -0.0495533
-1 -0.0495246
-1 -0.0494959
-1 -0.0494673
-1 -0.0494387
-1 -0.0494102
-1 -0.0493817
-1 -0.0493532
-1 -0.0493248
-1 -0.0492963
-1 -0.049268
-1 -0.0492396
-1 -0.0492113
-1 -0.049183
-1 -0.0491548
-1 -0.0491265
-1 -0.0490983
-1 -0.0490702
-1 -0.0490421
-1 -0.049014
-1 -0.0489859
-1 -0.0489579
-1 -0.0489299
-1 -0.0489019
-1 -0.048874
-1 -0.0488461
-1 -0.0488182
-0.995 -0.0456172
-1 -0.0491708
-1 -0.0491428
-1 -0.0491149
-1 -0.049087
-1 -0.0490591
-0.995 -0.045858
-1 -0.0494097
-0.995 -0.0462099
-1 -0.0497588
-1 -0.0497307
-1 -0.0497026
-1 -0.0496745
-1 -0.0496465
-1 -0.0496185
-1 -0.0495905
-1 -0.0495626
-1 -0.0495346
-1 -0.0495068
-1 -0.0494789
-1 -0.0494511
-1 -0.0494233
-1 -0.0493956
-1 -0.0493678
-1 -0.0493401
-1 -0.0493125
-1 -0.0492848
-1 -0.0492572
-1 -0.0492297
-1 -0.0492021
-1 -0.0491746
-0.995 -0.0459682
-1 -0.0495195
-1 -0.0494918
-1 -0.0494643
-1 -0.0494367
-1 -0.0494092
-1 -0.0493817
-1 -0.0493542
-1 -0.0493268
-1 -0.0492994
-1 -0.049272
-1 -0.0492447
-1 -0.0492174
-1 -0.0491901
-1 -0.0491628
-1 -0.0491356
-1 -0.0491084
-1 -0.0490812
-1 -0.0490541
-1 -0.049027
-1 -0.0489999
-1 -0.0489729
-1 -0.0489459
-1 -0.0489189
-1 -0.0488919
-1 -0.048865
-1 -0.0488381
-1 -0.0488112
-1 -0.0487844
-1 -0.0487576
-1 -0.0487308
-1 -0.048704
-1 -0.0486773
-1 -0.0486506
-1 -0.048624
-1 -0.0485973
-1 -0.0485707
-1 -0.0485441
-1 -0.0485176
-1 -0.0484911
-1 -0.0484646
-1 -0.0484381
-0.995 -0.0452183
-1 -0.0487763
-1 -0.0487498
-1 -0.0487232
-1 -0.0486967
-1 -0.0486702
-1 -0.0486438
-1 -0.0486174
-1 -0.048591
-1 -0.0485646
-1 -0.0485383
-1 -0.0485119
-1 -0.0484857
-1 -0.0484594
-1 -0.0484332
-1 -0.048407
-1 -0.0483808
-1 -0.0483547
-1 -0.0483286
-1 -0.0483025
-1 -0.0482764
-1 -0.0482504
-1 -0.0482244
-1 -0.0481984
-1 -0.0481725
-1 -0.0481466
-1 -0.0481207
-1 -0.0480948
-1 -0.048069
-1 -0.0480432
-1 -0.0480174
-1 -0.0479916
-1 -0.0479659
-1 -0.0479402
-1 -0.0479145
-1 -0.0478889
-1 -0.0478633
-1 -0.0478377
-0.995 -0.0446064
-1 -0.04817
-1 -0.0481443
-1 -0.0481186
-1 -0.048093
-1 -0.0480674
-1 -0.0480418
-1 -0.0480163
-1 -0.0479907
-1 -0.0479652
-1 -0.0479398
-1 -0.0479143
-1 -0.0478889
-1 -0.0478635
-1 -0.0478381
-1 -0.0478128
-1 -0.0477875
-1 -0.0477622
-1 -0.0477369
-1 -0.0477117
-1 -0.0476865
-1 -0.0476613
-1 -0.0476362
-1 -0.047611
-1 -0.0475859
-1 -0.0475608
-1 -0.0475358
-1 -0.0475108
-1 -0.0474858
-1 -0.0474608
-1 -0.0474359
-1 -0.0474109
-1 -0.047386
-1 -0.0473612
-1 -0.0473363
-1 -0.0473115
-1 -0.0472867
-1 -0.047262
-1 -0.0472372
-1 -0.0472125
-1 -0.0471878
-1 -0.0471632
-1 -0.0471385
-1 -0.0471139
-1 -0.0470893
-0.995 -0.0438447
-1 -0.0474151
-1 -0.0473904
-1 -0.0473657
-1 -0.0473411
-1 -0.0473165
-1 -0.0472919
-1 -0.0472673
-1 -0.0472428
-1 -0.0472183
-1 -0.0471938
-1 -0.0471694
-1 -0.047145
-1 -0.0471205
-1 -0.0470962
-1 -0.0470718
-1 -0.0470475
-1 -0.0470232
-1 -0.0469989
-0.995 -0.0437499
-1 -0.0473214
-1 -0.047297
-1 -0.0472726
-1 -0.0472483
-1 -0.047224
-1 -0.0471997
-1 -0.0471755
-1 -0.0471513
-1 -0.0471271
-1 -0.0471029
-1 -0.0470787
-1 -0.0470546
-1 -0.0470305
-1 -0.0470064
-1 -0.0469824
-1 -0.0469583
-1 -0.0469343
-1 -0.0469104
-1 -0.0468864
-1 -0.0468625
-1 -0.0468386
-1 -0.0468147
-1 -0.0467908
-1 -0.046767
-1 -0.0467432
-1 -0.0467194
-1 -0.0466956
-1 -0.0466719
-1 -0.0466482
-1 -0.0466245
-1 -0.0466008
-1 -0.0465772
-1 -0.0465535
-1 -0.04653
-1 -0.0465064
-1 -0.0464828
-1 -0.0464593
-1 -0.0464358
-1 -0.0464123
-1 -0.0463889
-1 -0.0463654
-1 -0.046342
-1 -0.0463186
-1 -0.0462953
-1 -0.0462719
-1 -0.0462486
-1 -0.0462253
-0.995 -0.0429629
-1 -0.0465412
-1 -0.0465179
-0.995 -0.0432564
-1 -0.0468325
-1 -0.046809
-1 -0.0467856
-1 -0.0467621
-1 -0.0467387
-1 -0.0467154
-1 -0.046692
-1 -0.0466687
-1 -0.0466454
-1 -0.0466221
-1 -0.0465988
-1 -0.0465756
-1 -0.0465523
-1 -0.0465292
-1 -0.046506
-1 -0.0464828
-1 -0.0464597
-1 -0.0464366
-1 -0.0464135
-1 -0.0463905
-1 -0.0463674
-1 -0.0463444
-1 -0.0463214
-1 -0.0462984
-1 -0.0462755
-1 -0.0462526
-1 -0.0462297
-1 -0.0462068
-1 -0.0461839
-1 -0.0461611
-1 -0.0461383
-1 -0.0461155
-1 -0.0460927
-1 -0.04607
-1 -0.0460473
-1 -0.0460246
-1 -0.0460019
-1 -0.0459792
-1 -0.0459566
-1 -0.045934
-1 -0.0459114
-1 -0.0458888
-1 -0.0458663
-1 -0.0458438
-0.995 -0.0425704
-1 -0.0461525
-1 -0.0461299
-1 -0.0461073
-1 -0.0460847
-1 -0.0460622
-1 -0.0460396
-1 -0.0460171
-1 -0.0459947
-1 -0.0459722
-1 -0.0459498
-1 -0.0459274
-1 -0.045905
-1 -0.0458826
-1 -0.0458602
-1 -0.0458379
-1 -0.0458156
-1 -0.0457933
-1 -0.0457711
-1 -0.0457488
-1 -0.0457266
-1 -0.0457044
-1 -0.0456822
-1 -0.0456601
-1 -0.0456379
-1 -0.0456158
-0.995 -0.0423365
-1 -0.0459208
-1 -0.0458986
-1 -0.0458764
-1 -0.0458543
-1 -0.0458321
-1 -0.04581
-1 -0.0457879
-1 -0.0457659
-1 -0.0457438
-1 -0.0457218
-1 -0.0456998
-1 -0.0456778
-1 -0.0456558
-1 -0.0456339
-1 -0.0456119
-0.995 -0.0423298
-1 -0.0459144
-1 -0.0458924
-0.995 -0.0426113
-1 -0.0461937
-1 -0.0461716
-1 -0.0461495
-1 -0.0461275
-1 -0.0461054
-1 -0.0460834
-1 -0.0460614
-1 -0.0460395
-1 -0.0460175
-1 -0.0459956
-1 -0.0459737
-1 -0.0459518
-1 -0.0459299
-1 -0.0459081
-1 -0.0458863
-1 -0.0458644
-1 -0.0458427
-1 -0.0458209
-1 -0.0457992
-1 -0.0457774
-1 -0.0457557
-1 -0.0457341
-1 -0.0457124
-1 -0.0456908
-1 -0.0456691
-1 -0.0456475
-1 -0.0456259
-1 -0.0456044
-1 -0.0455829
-1 -0.0455613
-1 -0.0455398
-1 -0.0455184
-1 -0.0454969
-1 -0.0454755
-1 -0.045454
-1 -0.0454326
-1 -0.0454113
-1 -0.0453899
-1 -0.0453686
-1 -0.0453472
-1 -0.0453259
-1 -0.0453047
-1 -0.0452834
-1 -0.0452622
-1 -0.0452409
-1 -0.0452197
-1 -0.0451986
-1 -0.0451774
-1 -0.0451563
-0.995 -0.0418627
-1 -0.0454516
-1 -0.0454304
-1 -0.0454092
-0.995 -0.0421164
-1 -0.0457033
-1 -0.045682
-1 -0.0456608
-1 -0.0456395
-1 -0.0456183
-1 -0.0455971
-1 -0.0455759
-0.995 -0.0422828
-1 -0.0458685
-1 -0.0458472
-0.995 -0.0425551
-1 -0.0461387
-1 -0.0461173
-1 -0.046096
-1 -0.0460747
-1 -0.0460534
-1 -0.0460321
-1 -0.0460109
-1 -0.0459897
-1 -0.0459685
-1 -0.0459473
-1 -0.0459261
-1 -0.045905
-1 -0.0458838
-1 -0.0458627
-1 -0.0458416
-1 -0.0458206
-1 -0.0457995
-1 -0.0457785
-1 -0.0457575
-1 -0.0457365
-1 -0.0457155
-1 -0.0456945
-1 -0.0456736
-1 -0.0456527
-1 -0.0456318
-1 -0.0456109
-1 -0.04559
-1 -0.0455692
-1 -0.0455484
-1 -0.0455276
-1 -0.0455068
-1 -0.045486
-1 -0.0454653
-1 -0.0454445
-1 -0.0454238
-1 -0.0454031
-1 -0.0453824
-1 -0.0453618
-1 -0.0453411
-1 -0.0453205
-1 -0.0452999
-1 -0.0452793
-1 -0.0452588
-0.995 -0.0419565
-0.995 -0.0422652
-1 -0.0458515
-1 -0.0458308
-1 -0.04581
-1 -0.0457893
-1 -0.0457686
-1 -0.0457479
-1 -0.0457273
-1 -0.0457066
-1 -0.045686
-1 -0.0456654
-1 -0.0456448
-1 -0.0456243
-1 -0.0456037
-1 -0.0455832
-1 -0.0455627
-1 -0.0455422
-0.995 -0.0422388
-1 -0.0458255
-1 -0.0458049
-1 -0.0457843
-1 -0.0457638
-1 -0.0457433
-1 -0.0457228
-1 -0.0457023
-0.995 -0.0423986
-1 -0.0459841
-1 -0.0459636
-0.995 -0.0426609
-1 -0.0462444
-1 -0.0462237
-1 -0.0462031
-1 -0.0461825
-1 -0.046162
-1 -0.0461414
-1 -0.0461209
-1 -0.0461004
-1 -0.0460799
-1 -0.0460594
-1 -0.046039
-1 -0.0460185
-1 -0.0459981
-1 -0.0459777
-1 -0.0459573
-1 -0.0459369
-1 -0.0459166
-1 -0.0458962
-1 -0.0458759
-1 -0.0458556
-1 -0.0458354
-1 -0.0458151
-1 -0.0457948
-1 -0.0457746
-1 -0.0457544
-1 -0.0457342
-1 -0.045714
-1 -0.0456939
-1 -0.0456737
-1 -0.0456536
-1 -0.0456335
-1 -0.0456134
-1 -0.0455934
-1 -0.0455733
-1 -0.0455533
-1 -0.0455333
-0.995 -0.0422227
-1 -0.04581
-0.995 -0.0425008
-0.995 -0.0427984
-1 -0.0463812
-1 -0.0463609
-1 -0.0463406
-1 -0.0463204
-1 -0.0463002
-1 -0.04628
-1 -0.0462598
-1 -0.0462396
-0.995 -0.0429314
-1 -0.0465132
-1 -0.0464929
-1 -0.0464727
-1 -0.0464525
-0.995 -0.0431449
-1 -0.046725
-1 -0.0467047
-1 -0.0466845
-1 -0.0466642
-1 -0.046644
-1 -0.0466238
-1 -0.0466036
-1 -0.0465834
-1 -0.0465633
-1 -0.0465431
-1 -0.046523
-1 -0.0465029
-1 -0.0464828
-1 -0.0464628
-0.995 -0.0431531
-1 -0.0467333
-1 -0.0467131
-1 -0.046693
-1 -0.0466729
-1 -0.0466528
-1 -0.0466328
-1 -0.0466127
-1 -0.0465927
-1 -0.0465727
-1 -0.0465527
-1 -0.0465327
-1 -0.0465127
-1 -0.0464928
-1 -0.0464729
-1 -0.046453
-1 -0.0464331
-1 -0.0464132
-1 -0.0463933
-1 -0.0463735
-1 -0.0463536
-1 -0.0463338
-1 -0.046314
-1 -0.0462943
-1 -0.0462745
-1 -0.0462548
-1 -0.046235
-1 -0.0462153
-1 -0.0461956
-1 -0.0461759
-1 -0.0461563
-0.995 -0.0428406
-1 -0.0464235
-1 -0.0464038
-0.995 -0.0430892
-1 -0.0466702
-1 -0.0466504
-1 -0.0466306
-1 -0.0466109
-1 -0.0465911
-1 -0.0465714
-1 -0.0465517
-1 -0.046532
-1 -0.0465123
-1 -0.0464927
-0.995 -0.043177
-1 -0.0467575
-1 -0.0467377
-1 -0.046718
-1 -0.0466983
-1 -0.0466787
-1 -0.046659
-0.995 -0.0433434
-1 -0.0469226
-1 -0.0469029
-1 -0.0468832
-1 -0.0468635
-1 -0.0468438
-1 -0.0468242
-1 -0.0468045
-1 -0.0467849
-1 -0.0467653
-1 -0.0467457
-1 -0.0467261
-1 -0.0467066
-1 -0.046687
-1 -0.0466675
-1 -0.046648
-1 -0.0466285
-1 -0.046609
-0.995 -0.0432908
-1 -0.0468706
-0.995 -0.0435536
-0.995 -0.0438355
-1 -0.0474109
-1 -0.0473912
-1 -0.0473715
-1 -0.0473519
-1 -0.0473322
-1 -0.0473126
-1 -0.0472929
-1 -0.0472733
-1 -0.0472537
-1 -0.0472341
-1 -0.0472146
-1 -0.047195
-1 -0.0471755
-1 -0.047156
-1 -0.0471365
-1 -0.047117
-1 -0.0470975
-1 -0.0470781
-1 -0.0470586
-1 -0.0470392
-1 -0.0470198
-1 -0.0470004
-1 -0.046981
-1 -0.0469617
-0.995 -0.0436419
-0.995 -0.0439204
-1 -0.0474954
-1 -0.0474759
-1 -0.0474564
-1 -0.0474369
-1 -0.0474174
-1 -0.047398
-1 -0.0473785
-1 -0.0473591
-1 -0.0473397
-1 -0.0473204
-1 -0.047301
-1 -0.0472816
-1 -0.0472623
-1 -0.047243
-1 -0.0472237
-1 -0.0472044
-1 -0.0471851
-1 -0.0471659
-1 -0.0471466
-1 -0.0471274
-1 -0.0471082
-1 -0.047089
-1 -0.0470698
-1 -0.0470506
-1 -0.0470315
-1 -0.0470124
-1 -0.0469932
-1 -0.0469741
-1 -0.0469551
-1 -0.046936
-1 -0.0469169
-1 -0.0468979
-1 -0.0468789
-1 -0.0468599
-1 -0.0468409
-1 -0.0468219
-1 -0.0468029
-1 -0.046784
-1 -0.046765
-1 -0.0467461
-1 -0.0467272
-1 -0.0467083
-1 -0.0466894
-1 -0.0466706
-1 -0.0466517
-1 -0.0466329
-1 -0.0466141
-0.995 -0.0432862
-1 -0.0468667
-1 -0.0468478
-1 -0.046829
-1 -0.0468101
-1 -0.0467913
-1 -0.0467725
-1 -0.0467537
-1 -0.0467349
-1 -0.0467162
-0.995 -0.0433877
-1 -0.0469674
-1 -0.0469486
-1 -0.0469298
-1 -0.046911
-1 -0.0468922
-1 -0.0468735
-1 -0.0468547
-1 -0.046836
-1 -0.0468173
-1 -0.0467986
-1 -0.0467799
-1 -0.0467612
-1 -0.0467425
-1 -0.0467239
-1 -0.0467053
-1 -0.0466866
-1 -0.046668
-1 -0.0466495
-1 -0.0466309
-0.995 -0.0432995
-1 -0.0468801
-1 -0.0468615
-1 -0.0468429
-1 -0.0468243
-1 -0.0468057
-1 -0.0467871
-1 -0.0467686
-1 -0.04675
-1 -0.0467315
-1 -0.046713
-1 -0.0466945
-1 -0.046676
-1 -0.0466576
-1 -0.0466391
-1 -0.0466207
-1 -0.0466022
-1 -0.0465838
-0.995 -0.0432501
-1 -0.0468312
-1 -0.0468128
-0.995 -0.0434801
-1 -0.0470594
-1 -0.0470409
-1 -0.0470224
-1 -0.0470039
-1 -0.0469854
-1 -0.0469669
-1 -0.0469485
-1 -0.0469301
-1 -0.0469116
-1 -0.0468932
-0.995 -0.0435597
-1 -0.0471385
-1 -0.0471201
-1 -0.0471016
-1 -0.0470832
-1 -0.0470648
-1 -0.0470464
-1 -0.047028
-1 -0.0470096
-1 -0.0469912
-1 -0.0469729
-1 -0.0469546
-1 -0.0469362
-1 -0.0469179
-1 -0.0468996
-1 -0.0468814
-1 -0.0468631
-1 -0.0468449
-1 -0.0468266
-1 -0.0468084
-1 -0.0467902
-1 -0.046772
-1 -0.0467538
-1 -0.0467357
-1 -0.0467175
-1 -0.0466994
-1 -0.0466813
-1 -0.0466631
-1 -0.0466451
-1 -0.046627
-1 -0.0466089
-1 -0.0465909
-0.995 -0.0432519
-1 -0.0468334
-1 -0.0468153
-1 -0.0467972
-1 -0.0467791
-1 -0.0467611
-1 -0.046743
-1 -0.046725
-1 -0.046707
-1 -0.046689
-1 -0.046671
-1 -0.046653
-1 -0.046635
-1 -0.0466171
-1 -0.0465991
-1 -0.0465812
-0.995 -0.0432404
-1 -0.0468221
-1 -0.0468041
-1 -0.0467862
-1 -0.0467682
-1 -0.0467503
-1 -0.0467324
-1 -0.0467145
-1 -0.0466966
-1 -0.0466787
-1 -0.0466608
-1 -0.0466429
-1 -0.0466251
-1 -0.0466073
-1 -0.0465894
-1 -0.0465716
-1 -0.0465539
-1 -0.0465361
-1 -0.0465183
-1 -0.0465006
-1 -0.0464828
-1 -0.0464651
-1 -0.0464474
-1 -0.0464297
-1 -0.046412
-0.995 -0.0430675
-1 -0.0466508
-1 -0.046633
-1 -0.0466153
-1 -0.0465976
-1 -0.0465799
-1 -0.0465622
-1 -0.0465446
-1 -0.0465269
-1 -0.0465093
-1 -0.0464916
-1 -0.046474
-1 -0.0464564
-1 -0.0464388
-1 -0.0464213
-1 -0.0464037
-1 -0.0463861
-1 -0.0463686
-1 -0.0463511
-1 -0.0463336
-1 -0.0463161
-1 -0.0462986
-1 -0.0462811
-1 -0.0462637
-1 -0.0462462
-1 -0.0462288
-1 -0.0462114
-1 -0.046194
-1 -0.0461766
-1 -0.0461592
-0.995 -0.04281
-1 -0.0463955
-1 -0.0463781
-1 -0.0463606
-1 -0.0463432
-1 -0.0463258
-1 -0.0463085
-1 -0.0462911
-1 -0.0462737
-1 -0.0462564
-1 -0.0462391
-1 -0.0462218
-1 -0.0462045
-1 -0.0461872
-1 -0.0461699
-1 -0.0461526
-1 -0.0461354
-1 -0.0461181
-1 -0.0461009
-1 -0.0460837
-1 -0.0460665
-1 -0.0460493
-1 -0.0460321
-1 -0.046015
-1 -0.0459978
-1 -0.0459807
-1 -0.0459636
-1 -0.0459465
-1 -0.0459294
-1 -0.0459123
-1 -0.0458952
-1 -0.0458781
-1 -0.0458611
-1 -0.0458441
-1 -0.045827
-1 -0.04581
-1 -0.045793
-1 -0.045776
-1 -0.0457591
-0.995 -0.0424034
-1 -0.0459924
-1 -0.0459753
-1 -0.0459583
-1 -0.0459413
-1 -0.0459244
-1 -0.0459074
-1 -0.0458904
-1 -0.0458735
-1 -0.0458565
-1 -0.0458396
-1 -0.0458227
-1 -0.0458058
-1 -0.0457889
-1 -0.045772
-1 -0.0457552
-1 -0.0457383
-1 -0.0457215
-0.995 -0.0423637
-1 -0.0459532
-1 -0.0459363
-1 -0.0459194
-1 -0.0459026
-1 -0.0458857
-1 -0.0458689
-1 -0.045852
-1 -0.0458352
-1 -0.0458184
-1 -0.0458016
-1 -0.0457849
-1 -0.0457681
-1 -0.0457513
-1 -0.0457346
-1 -0.0457179
-1 -0.0457012
-1 -0.0456845
-1 -0.0456678
-1 -0.0456511
-1 -0.0456344
-1 -0.0456178
-1 -0.0456011
-1 -0.0455845
-1 -0.0455679
-1 -0.0455513
-1 -0.0455347
-1 -0.0455181
-1 -0.0455015
-1 -0.0454849
-1 -0.0454684
-1 -0.0454519
-1 -0.0454353
-1 -0.0454188
-1 -0.0454023
-1 -0.0453858
-1 -0.0453694
-1 -0.0453529
-1 -0.0453364
-1 -0.04532
-1 -0.0453036
-1 -0.0452872
-1 -0.0452708
-1 -0.0452544
-1 -0.045238
-1 -0.0452216
-1 -0.0452053
-1 -0.0451889
-1 -0.0451726
-1 -0.0451563
-1 -0.0451399
-1 -0.0451236
-1 -0.0451074
-1 -0.0450911
-1 -0.0450748
-1 -0.0450586
-1 -0.0450423
-1 -0.0450261
-1 -0.0450099
-1 -0.0449937
-1 -0.0449775
-1 -0.0449613
-1 -0.0449451
-1 -0.0449289
-1 -0.0449128
-1 -0.0448967
-1 -0.0448805
-1 -0.0448644
-1 -0.0448483
-1 -0.0448322
-1 -0.0448161
-1 -0.0448001
-1 -0.044784
-1 -0.044768
-1 -0.0447519
-1 -0.0447359
-1 -0.0447199
-1 -0.0447039
-1 -0.0446879
-1 -0.0446719
-1 -0.044656
-0.995 -0.0412838
-1 -0.0448823
-1 -0.0448662
-1 -0.0448502
-1 -0.0448342
-1 -0.0448183
-1 -0.0448023
-1 -0.0447863
-1 -0.0447704
-1 -0.0447545
-1 -0.0447385
-1 -0.0447226
-1 -0.0447067
-1 -0.0446908
-1 -0.044675
-1 -0.0446591
-1 -0.0446432
-1 -0.0446274
-1 -0.0446115
-1 -0.0445957
-1 -0.0445799
-1 -0.0445641
-1 -0.0445483
-1 -0.0445325
-0.995 -0.0411574
-1 -0.0447569
-1 -0.0447411
-1 -0.0447253
-1 -0.0447095
-1 -0.0446937
-1 -0.0446779
-1 -0.0446622
-1 -0.0446464
-1 -0.0446306
-1 -0.0446149
-1 -0.0445992
-1 -0.0445835
-1 -0.0445678
-1 -0.0445521
-1 -0.0445364
-1 -0.0445207
-1 -0.044505
-1 -0.0444894
-1 -0.0444738
-1 -0.0444581
-0.995 -0.0410806
-1 -0.0446809
-1 -0.0446652
-1 -0.0446495
-1 -0.0446339
-1 -0.0446182
-1 -0.0446026
-1 -0.044587
-1 -0.0445714
-1 -0.0445558
-1 -0.0445402
-1 -0.0445246
-1 -0.044509
-1 -0.0444935
-0.995 -0.0411149
-1 -0.044715
-0.995 -0.0413375
-1 -0.0449359
-1 -0.0449202
-1 -0.0449046
-1 -0.0448889
-1 -0.0448733
-1 -0.0448577
-0.995 -0.0414805
-1 -0.0450778
-1 -0.0450621
-1 -0.0450465
-1 -0.0450308
-1 -0.0450152
-1 -0.0449996
-1 -0.044984
-1 -0.0449684
-1 -0.0449528
-1 -0.0449372
-1 -0.0449217
-1 -0.0449061
-1 -0.0448906
-1 -0.044875
-1 -0.0448595
-1 -0.044844
-1 -0.0448285
-1 -0.044813
-1 -0.0447975
-1 -0.0447821
-1 -0.0447666
-0.995 -0.0413869
-1 -0.044985
-1 -0.0449695
-1 -0.044954
-1 -0.0449385
-1 -0.0449231
-1 -0.0449076
-1 -0.0448922
-1 -0.0448767
-1 -0.0448613
-1 -0.0448459
-1 -0.0448305
-1 -0.0448151
-0.995 -0.0414345
-0.995 -0.0416685
-1 -0.0452646
-1 -0.0452491
-1 -0.0452336
-1 -0.0452181
-1 -0.0452026
-1 -0.0451871
-1 -0.0451717
-1 -0.0451563
-1 -0.0451408
-1 -0.0451254
-1 -0.04511
-1 -0.0450946
-0.995 -0.0417145
-1 -0.0453102
-1 -0.0452948
-1 -0.0452793
-1 -0.0452639
-1 -0.0452485
-1 -0.0452331
-1 -0.0452177
-1 -0.0452023
-1 -0.045187
-1 -0.0451716
-1 -0.0451563
-1 -0.0451409
-0.995 -0.04176
-1 -0.0453554
-1 -0.0453401
-1 -0.0453247
-1 -0.0453093
-1 -0.045294
-1 -0.0452786
-1 -0.0452633
-1 -0.045248
-1 -0.0452327
-0.995 -0.0418514
-1 -0.0454462
-1 -0.0454309
-1 -0.0454155
-1 -0.0454002
-1 -0.0453849
-1 -0.0453696
-1 -0.0453543
-1 -0.045339
-1 -0.0453237
-1 -0.0453084
-1 -0.0452931
-1 -0.0452779
-1 -0.0452627
-1 -0.0452474
-1 -0.0452322
-1 -0.045217
-1 -0.0452018
-1 -0.0451866
-1 -0.0451714
-0.995 -0.0417881
-1 -0.0453835
-1 -0.0453683
-1 -0.0453531
-1 -0.0453379
-0.99 -0.0383458
-1 -0.0455493
-1 -0.0455341
-1 -0.0455189
-1 -0.0455036
-1 -0.0454884
-1 -0.0454732
-1 -0.045458
-1 -0.0454428
-0.995 -0.04206
-1 -0.0456534
-1 -0.0456382
-1 -0.045623
-1 -0.0456078
-1 -0.0455926
-1 -0.0455774
-1 -0.0455622
-1 -0.045547
-1 -0.0455319
-1 -0.0455167
-1 -0.0455016
-1 -0.0454865
-1 -0.0454714
-1 -0.0454563
-1 -0.0454412
-1 -0.0454261
-1 -0.045411
-0.995 -0.0420265
-0.99 -0.038645
-1 -0.0458442
-1 -0.045829
-1 -0.0458138
-1 -0.0457987
-1 -0.0457835
-1 -0.0457684
-1 -0.0457533
-1 -0.0457381
-1 -0.045723
-1 -0.0457079
-1 -0.0456929
-1 -0.0456778
-1 -0.0456627
-1 -0.0456477
-1 -0.0456326
-1 -0.0456176
-1 -0.0456025
-1 -0.0455875
-1 -0.0455725
-1 -0.0455575
-1 -0.0455425
-1 -0.0455276
-1 -0.0455126
-1 -0.0454976
-1 -0.0454827
-1 -0.0454677
-0.995 -0.0420813
-1 -0.0456748
-1 -0.0456598
-1 -0.0456448
-1 -0.0456299
-1 -0.0456149
-0.995 -0.0422289
-1 -0.0458213
-1 -0.0458063
-1 -0.0457913
-1 -0.0457763
-1 -0.0457614
-1 -0.0457464
-1 -0.0457315
-0.99 -0.0387391
-1 -0.045937
-1 -0.0459221
-1 -0.0459071
-1 -0.0458921
-1 -0.0458772
-1 -0.0458622
-1 -0.0458473
-0.995 -0.0424615
-1 -0.0460521
-1 -0.0460371
-1 -0.0460222
-1 -0.0460072
-1 -0.0459923
-1 -0.0459773
-0.995 -0.0425918
-1 -0.0461814
-1 -0.0461664
-1 -0.0461515
-0.995 -0.0427667
-1 -0.046355
-1 -0.04634
-1 -0.046325
-1 -0.04631
-1 -0.046295
-1 -0.0462801
-1 -0.0462651
-1 -0.0462502
-1 -0.0462352
-1 -0.0462203
-1 -0.0462054
-1 -0.0461905
-1 -0.0461756
-1 -0.0461607
-1 -0.0461459
-1 -0.046131
-1 -0.0461161
-1 -0.0461013
-1 -0.0460865
-1 -0.0460716
-1 -0.0460568
-1 -0.046042
-1 -0.0460272
-1 -0.0460124
-1 -0.0459976
-1 -0.0459829
-1 -0.0459681
-1 -0.0459534
-1 -0.0459386
-1 -0.0459239
-1 -0.0459092
-1 -0.0458944
-1 -0.0458797
-1 -0.0458651
-1 -0.0458504
-1 -0.0458357
-1 -0.045821
-1 -0.0458064
-1 -0.0457917
-1 -0.0457771
-1 -0.0457624
-1 -0.0457478
-1 -0.0457332
-1 -0.0457186
-1 -0.045704
-1 -0.0456894
-1 -0.0456749
-1 -0.0456603
-1 -0.0456457
-1 -0.0456312
-1 -0.0456167
-1 -0.0456021
-1 -0.0455876
-1 -0.0455731
-1 -0.0455586
-1 -0.0455441
-1 -0.0455296
-1 -0.0455151
-1 -0.0455007
-1 -0.0454862
-1 -0.0454718
-1 -0.0454573
-1 -0.0454429
-1 -0.0454285
-1 -0.0454141
-1 -0.0453997
-1 -0.0453853
-1 -0.0453709
-1 -0.0453565
-1 -0.0453422
-1 -0.0453278
-1 -0.0453135
-1 -0.0452991
-1 -0.0452848
-1 -0.0452705
-1 -0.0452562
-0.99 -0.0382498
-1 -0.0454557
-1 -0.0454413
-1 -0.045427
-1 -0.0454127
-1 -0.0453983
-1 -0.045384
-1 -0.0453697
-1 -0.0453554
-1 -0.0453411
-1 -0.0453269
-1 -0.0453126
-1 -0.0452983
-1 -0.0452841
-1 -0.0452699
-0.995 -0.0418726
-1 -0.0454683
-1 -0.045454
-1 -0.0454398
-1 -0.0454255
-1 -0.0454113
-1 -0.045397
-1 -0.0453828
-1 -0.0453686
-1 -0.0453543
-0.995 -0.0419568
-1 -0.045552
-1 -0.0455377
-1 -0.0455235
-1 -0.0455093
-1 -0.045495
-1 -0.0454808
-1 -0.0454666
-1 -0.0454524
-1 -0.0454382
-1 -0.045424
-1 -0.0454099
-1 -0.0453957
-1 -0.0453815
-1 -0.0453674
-1 -0.0453533
-1 -0.0453391
-1 -0.045325
-1 -0.0453109
-1 -0.0452968
-1 -0.0452827
-1 -0.0452686
-1 -0.0452545
-1 -0.0452405
-0.99 -0.0382303
-1 -0.0454367
-1 -0.0454226
-1 -0.0454085
-0.995 -0.0420093
-1 -0.0456042
-1 -0.04559
-1 -0.0455759
-1 -0.0455618
-1 -0.0455477
-1 -0.0455336
-1 -0.0455195
-1 -0.0455054
-1 -0.0454914
-1 -0.0454773
-1 -0.0454632
-1 -0.0454492
-1 -0.0454352
-0.995 -0.0420351
-1 -0.0456299
-1 -0.0456158
-1 -0.0456017
-1 -0.0455877
-1 -0.0455736
-1 -0.0455596
-1 -0.0455456
-1 -0.0455316
-1 -0.0455175
-1 -0.0455035
-1 -0.0454896
-1 -0.0454756
-1 -0.0454616
-1 -0.0454476
-1 -0.0454337
-1 -0.0454197
-1 -0.0454058
-1 -0.0453918
-1 -0.0453779
-1 -0.045364
-1 -0.0453501
-1 -0.0453362
-1 -0.0453223
-1 -0.0453084
-1 -0.0452945
-1 -0.0452807
-1 -0.0452668
-1 -0.045253
-1 -0.0452391
-1 -0.0452253
-1 -0.0452115
-0.995 -0.0418078
-1 -0.0454044
-1 -0.0453906
-1 -0.0453767
-1 -0.0453629
-1 -0.0453491
-1 -0.0453352
-1 -0.0453214
-0.995 -0.0419179
-1 -0.0455137
-1 -0.0454998
-1 -0.045486
