5 0 2.65536
4 -0.000666889 4.82394
3.33333 -0.00633545 10.2367
2.85714 0.00566856 17.7358
2.5 -0.00233411 23.9902
2.22222 -0.0550183 21.904
2 -0.0400133 16.5725
1.81818 0.635212 10.7945
1.66667 0.773258 7.74069
1.53846 0.845615 5.77464
1.42857 0.895965 4.12883
1.33333 0.934978 2.69891
1.25 0.954652 2.17837
1.17647 0.968656 1.67442
1.11111 0.97866 1.23128
1.05263 0.988663 0.742807
1 0.990997 0.650439
0.952381 0.994665 0.432998
0.909091 0.996999 0.2317
0.869565 0.997666 0.197098
0.833333 0.998666 0.122757
0.8 0.999333 0.0666444
0.769231 0.999667 0.0360533
0.740741 1 0
0.714286 1 0
0.689655 1 0
0.666667 1 0
0.645161 1 0
0.625 1 0
0.606061 1 0
0.588235 1 0
0.571429 1 0
0.555556 1 0
0.540541 1 0
0.526316 1 0
0.512821 1 0
