0.98125 -6168
0.9775 -6152
0.9725 -6072
0.975 -6104
0.94625 -5896
0.97 -6072
0.975 -6112
0.975 -6120
0.98375 -6240
0.975 -6152
0.97875 -6144
0.9725 -6088
0.99375 -6320
0.98 -6176
0.9725 -6096
0.95 -6000
0.95875 -6016
0.98375 -6208
0.98 -6160
0.965 -6024
0.975 -6112
0.96875 -6048
0.97875 -6136
0.9775 -6152
0.965 -6040
0.97 -6088
0.98125 -6160
0.9675 -6040
0.95375 -5936
0.9775 -6144
0.98625 -6232
0.98 -6216
0.97375 -6096
0.97 -6072
0.9675 -6064
0.96875 -6048
0.9625 -6040
0.97625 -6152
0.9675 -6056
0.96375 -5992
0.9825 -6200
0.97125 -6056
0.9775 -6152
0.985 -6232
0.97 -6088
0.975 -6120
0.98375 -6200
0.98625 -6240
0.98625 -6232
0.97875 -6168
0.97625 -6120
0.98375 -6208
0.9725 -6072
0.97625 -6104
0.97625 -6128
0.97 -6064
0.97875 -6152
0.975 -6144
0.96375 -6008
0.965 -6032
0.975 -6144
0.97125 -6080
0.98625 -6232
0.97125 -6080
0.97125 -6112
0.96875 -6064
0.9775 -6120
0.9625 -5984
0.97 -6104
0.96875 -6072
0.96875 -6056
0.96 -5992
0.95375 -5952
0.9625 -6032
0.96375 -6072
0.94625 -5888
0.9575 -5976
0.97125 -6120
0.97875 -6176
0.9775 -6152
0.975 -6128
0.96875 -6048
0.97 -6064
0.97875 -6208
0.98 -6152
0.98 -6160
0.9675 -6048
0.97125 -6120
0.97 -6096
0.97125 -6088
0.96625 -6072
0.9775 -6152
0.97375 -6104
0.98875 -6272
0.985 -6232
0.97375 -6080
0.9825 -6192
0.975 -6120
0.98375 -6200
0.9575 -5968
0.965 -6000
0.9725 -6088
0.9775 -6144
0.97 -6064
0.97625 -6168
0.9625 -6104
0.97125 -6136
0.9725 -6080
0.97625 -6104
0.9725 -6072
0.97625 -6136
0.9775 -6128
0.985 -6224
0.9875 -6248
0.98125 -6168
0.97875 -6168
0.98 -6168
0.98875 -6264
0.97875 -6160
0.98125 -6184
0.975 -6120
0.985 -6224
0.94625 -5976
0.96125 -6080
0.9725 -6128
0.96875 -6104
0.97625 -6120
0.9775 -6136
0.97 -6072
0.975 -6112
0.9775 -6120
0.97125 -6056
0.96 -6032
0.9625 -6016
0.97 -6064
0.99375 -6320
0.97625 -6104
0.9775 -6128
0.97 -6048
0.975 -6120
0.97875 -6144
0.97125 -6088
0.9725 -6096
0.9825 -6208
0.9775 -6128
0.97375 -6080
0.98625 -6224
0.9825 -6192
0.97625 -6136
0.96875 -6032
0.96125 -5984
0.9575 -5984
0.98 -6168
0.985 -6216
0.9825 -6208
0.98375 -6240
0.97875 -6152
0.98 -6176
0.97625 -6144
0.9675 -6024
0.98625 -6232
0.985 -6240
0.98125 -6176
0.96625 -6040
0.965 -6024
0.97 -6048
0.97625 -6120
0.9775 -6136
0.97125 -6096
0.97375 -6104
0.9825 -6184
0.96875 -6080
0.9675 -6048
0.9725 -6088
0.98125 -6176
0.9725 -6088
0.98 -6184
0.97625 -6128
0.98 -6168
0.975 -6128
0.9775 -6152
0.97375 -6088
0.975 -6120
0.97875 -6136
0.98125 -6176
0.975 -6096
0.985 -6216
0.9725 -6048
0.97375 -6120
0.9775 -6152
0.96875 -6040
0.985 -6224
0.985 -6224
0.9775 -6136
0.98 -6168
0.98 -6160
0.97875 -6160
0.98875 -6264
0.9825 -6176
0.9825 -6192
0.97125 -6064
0.96625 -6064
0.9825 -6192
0.9775 -6120
0.98125 -6168
0.98125 -6176
0.985 -6224
0.9825 -6208
0.9625 -5968
0.96875 -6072
0.9775 -6136
0.96875 -6048
0.97 -6064
0.97625 -6160
0.96 -6048
0.96375 -6056
0.9725 -6096
0.98 -6168
0.98 -6184
0.9775 -6128
0.985 -6224
0.98125 -6176
0.98375 -6208
0.98 -6152
0.9725 -6072
0.9675 -6048
0.9825 -6208
0.98625 -6224
0.975 -6112
0.98125 -6160
0.9775 -6152
0.98375 -6200
0.97875 -6160
0.9775 -6152
0.97875 -6144
0.97875 -6160
0.97625 -6152
0.97125 -6080
0.97125 -6104
0.965 -6032
0.9775 -6144
0.97625 -6120
0.965 -6000
0.97125 -6096
0.9675 -6048
0.96 -5992
0.9525 -5944
0.9675 -6048
0.96625 -6032
0.975 -6136
0.9775 -6120
0.96375 -5976
0.97125 -6040
0.9775 -6160
0.96875 -6056
0.9675 -6064
0.96125 -6008
0.975 -6096
0.97 -6064
0.98125 -6192
0.97875 -6160
0.9675 -6008
0.95375 -5904
0.9725 -6096
0.97375 -6096
0.97375 -6088
0.96875 -6112
0.98 -6160
0.97625 -6120
0.96875 -6088
0.985 -6216
0.9775 -6144
0.98 -6192
0.97625 -6120
0.97625 -6128
0.98375 -6224
0.96875 -6080
0.96375 -6016
0.985 -6232
0.98125 -6176
0.9775 -6152
0.97125 -6064
0.975 -6120
0.98125 -6168
0.975 -6112
0.95 -5960
0.97875 -6168
0.96375 -6032
0.975 -6104
0.97125 -6128
0.96625 -6056
0.9775 -6128
0.97375 -6088
0.9775 -6120
0.965 -6024
0.9775 -6152
0.97125 -6080
0.96625 -6048
0.95875 -5928
0.96375 -6032
0.98 -6192
0.97875 -6168
0.975 -6160
0.96125 -6056
0.9725 -6096
0.96625 -6048
0.96875 -6024
0.97375 -6096
0.975 -6120
0.9775 -6152
0.9775 -6136
0.9775 -6136
0.9825 -6184
0.97625 -6128
0.9775 -6152
0.9575 -5976
0.95375 -5928
0.96875 -6072
0.96375 -6008
0.97375 -6072
0.97625 -6120
0.9625 -5976
0.97625 -6128
0.975 -6112
0.97875 -6136
0.975 -6104
0.98 -6192
0.96375 -6080
0.97625 -6160
0.985 -6224
0.975 -6160
0.975 -6120
0.98125 -6176
0.965 -6016
0.97125 -6112
0.96625 -6008
0.9525 -5976
0.955 -5960
0.97375 -6104
0.98 -6152
0.965 -6048
0.96625 -6096
0.97 -6064
0.96875 -6040
0.9625 -6008
0.9575 -5920
0.96625 -6048
0.97375 -6096
0.97375 -6096
0.975 -6096
0.97 -6064
0.9625 -5976
0.97 -6096
0.97125 -6064
0.9775 -6176
0.97375 -6152
0.96125 -6032
0.96125 -6040
0.9725 -6088
0.9675 -6040
0.97375 -6104
0.97125 -6064
0.96375 -5960
0.955 -5920
0.9575 -5936
0.97875 -6152
0.96875 -6048
0.97375 -6136
0.97625 -6152
0.985 -6216
0.9775 -6136
0.97875 -6184
0.985 -6208
0.9825 -6184
0.97875 -6144
0.96875 -6048
0.97 -6064
0.9725 -6088
0.97625 -6112
0.97125 -6080
0.97375 -6104
0.96625 -6024
0.97625 -6184
0.975 -6120
0.96375 -6024
0.96125 -6040
0.97875 -6176
0.98125 -6160
0.95375 -6016
0.9625 -6080
0.98125 -6184
0.98375 -6192
0.9775 -6144
0.9725 -6104
0.97375 -6120
0.97875 -6152
0.98125 -6168
0.96875 -6072
0.9725 -6104
0.97875 -6176
0.96875 -6096
0.96625 -6056
0.98 -6152
0.97125 -6064
0.97 -6040
0.96625 -6024
0.985 -6224
0.97375 -6120
0.97 -6080
0.9725 -6072
0.97875 -6144
0.97125 -6072
0.97875 -6160
0.9675 -6056
0.9625 -6016
0.97 -6104
0.97375 -6088
0.9675 -6072
0.96625 -6064
0.95125 -5840
0.97125 -6080
0.97625 -6120
0.9625 -5976
0.965 -6024
0.9675 -6064
0.97875 -6160
0.98375 -6224
0.98375 -6208
0.975 -6112
0.9675 -6032
0.9675 -6096
0.9675 -6040
0.9775 -6152
0.98125 -6176
0.9725 -6064
0.98375 -6200
0.975 -6128
0.97125 -6072
0.98125 -6184
0.975 -6112
0.96625 -6008
0.9725 -6096
0.98125 -6216
0.97125 -6072
0.97375 -6112
0.965 -6024
0.98125 -6176
0.96875 -6072
0.98375 -6216
0.98 -6160
0.97875 -6144
0.98 -6168
0.97625 -6112
0.9675 -6040
0.97625 -6144
0.98125 -6200
0.9875 -6248
0.9875 -6248
0.9725 -6088
0.98 -6176
0.98125 -6192
0.975 -6144
0.9675 -6056
0.9675 -6096
0.97375 -6088
0.9675 -6064
0.975 -6104
0.9775 -6144
0.97125 -6056
0.975 -6136
0.97125 -6080
0.985 -6248
0.9775 -6136
0.95625 -5952
0.97375 -6104
0.9875 -6256
0.9875 -6240
0.9725 -6184
0.96625 -6088
0.9725 -6088
0.97125 -6072
0.98125 -6192
0.9825 -6200
0.9775 -6168
0.97 -6056
0.96375 -6016
0.9875 -6248
0.98 -6168
0.9725 -6072
0.97 -6056
0.95875 -5976
0.9625 -6016
0.98125 -6168
0.97875 -6144
0.97125 -6072
0.9675 -6056
0.96625 -6080
0.97375 -6104
0.97875 -6136
0.97875 -6152
0.98375 -6224
0.9775 -6168
0.98625 -6232
0.9825 -6216
0.97375 -6096
0.955 -5952
0.9775 -6144
0.98125 -6168
0.9675 -6064
0.9775 -6136
0.9725 -6112
0.9725 -6088
0.985 -6216
0.97 -6056
0.9675 -6088
0.97625 -6144
0.97375 -6120
0.9725 -6104
0.98125 -6192
0.98 -6152
0.97875 -6144
0.96875 -6080
0.96625 -6032
0.97375 -6112
0.97875 -6160
0.97875 -6144
0.975 -6136
0.9725 -6064
0.9775 -6144
0.97875 -6144
0.97875 -6152
0.98125 -6184
0.97625 -6120
0.97375 -6080
0.97375 -6104
0.98125 -6168
0.96375 -6008
0.97375 -6096
0.9825 -6184
0.975 -6096
0.97875 -6136
0.97875 -6144
0.98625 -6224
0.975 -6112
0.985 -6216
0.98 -6184
0.99 -6280
0.9825 -6208
0.97125 -6072
0.97375 -6144
0.96875 -6072
0.96875 -6032
0.9675 -6016
0.9775 -6168
0.98125 -6168
0.97125 -6072
0.9725 -6104
0.975 -6112
0.9775 -6144
0.97875 -6144
0.96875 -6112
0.955 -6088
0.96625 -6048
0.98125 -6160
0.97875 -6168
0.97375 -6120
0.98125 -6176
0.97625 -6136
0.96875 -6032
0.96875 -6064
0.98125 -6192
0.97375 -6088
0.97 -6040
0.97375 -6096
0.97375 -6112
0.96 -5952
0.9825 -6192
0.97875 -6144
0.97125 -6048
0.97 -6064
0.97625 -6136
0.96875 -6056
0.98125 -6176
0.97625 -6120
0.9775 -6136
0.985 -6232
0.9775 -6144
0.975 -6104
0.96125 -6032
0.98125 -6232
0.96875 -6072
0.97625 -6144
0.97375 -6112
0.9775 -6152
0.96125 -6056
0.96 -6008
0.9675 -6016
0.97125 -6064
0.96375 -5968
0.97875 -6168
0.9675 -6032
0.98 -6160
0.97625 -6104
0.9775 -6144
0.9775 -6128
0.97375 -6112
0.97875 -6152
0.9725 -6080
0.9825 -6184
0.97 -6080
0.975 -6128
0.96875 -6112
0.97375 -6088
0.975 -6144
0.985 -6240
0.97875 -6168
0.98375 -6200
0.975 -6104
0.97625 -6136
0.96125 -5968
0.97125 -6072
0.965 -6048
0.9625 -6040
0.9525 -5944
0.96125 -5944
0.96625 -6016
0.9775 -6128
0.98125 -6176
0.97625 -6112
0.98375 -6224
0.9725 -6152
0.96375 -6056
0.97 -6112
0.975 -6104
0.9725 -6112
0.97125 -6080
0.97 -6128
0.975 -6120
0.97875 -6160
0.97375 -6104
0.9625 -6000
0.98125 -6208
0.97375 -6128
0.975 -6136
0.97625 -6104
0.97125 -6072
0.9725 -6104
0.9825 -6200
0.96625 -6024
0.97625 -6128
0.98 -6184
0.98125 -6208
0.97 -6080
0.9775 -6136
0.9825 -6192
0.98 -6168
0.985 -6248
0.9775 -6136
0.9825 -6192
0.97875 -6168
0.985 -6216
0.9775 -6152
0.97375 -6120
0.9775 -6136
0.97625 -6168
0.9775 -6160
0.98375 -6200
0.97125 -6104
0.97625 -6136
0.9775 -6128
0.975 -6128
0.9825 -6208
0.97625 -6144
0.9725 -6104
0.9625 -6016
0.98125 -6176
0.965 -6080
0.9725 -6088
0.985 -6224
0.98875 -6264
0.98375 -6192
0.98 -6192
0.96625 -6032
0.98 -6168
0.96375 -6000
0.97125 -6072
0.985 -6224
0.9675 -6040
0.9625 -5960
0.965 -6088
0.97625 -6136
0.95875 -6016
0.95875 -6024
0.95875 -6008
0.965 -6016
0.9675 -6088
0.9725 -6096
0.98375 -6200
0.96375 -6056
0.96875 -6152
0.9675 -6024
0.96875 -6064
0.975 -6112
0.96625 -6008
0.9675 -6024
0.9875 -6240
0.97625 -6136
0.97875 -6144
0.98125 -6176
0.985 -6224
0.97625 -6120
0.9825 -6192
0.97125 -6080
0.9725 -6080
0.98625 -6224
0.985 -6240
0.97625 -6152
0.97 -6064
0.98 -6160
0.9825 -6192
0.96625 -6024
0.96875 -6048
0.97 -6096
0.96375 -5992
0.975 -6096
0.985 -6216
0.975 -6104
0.97625 -6128
0.98 -6160
0.9825 -6184
0.97 -6040
0.975 -6112
0.98125 -6176
0.98125 -6168
0.98 -6168
0.97 -6056
0.95875 -6000
0.96 -5992
0.96 -6032
0.96875 -6056
0.96375 -5976
0.98625 -6232
0.965 -6032
0.96375 -6016
0.97 -6056
0.98125 -6200
0.97375 -6096
0.97 -6112
0.9775 -6136
0.99125 -6288
0.98125 -6184
0.97125 -6088
0.96625 -6032
0.97 -6072
0.9725 -6128
0.97125 -6096
0.975 -6104
0.9675 -6024
0.98375 -6216
0.9775 -6144
0.98 -6176
0.96875 -6112
0.97625 -6128
0.985 -6224
0.98 -6168
0.97375 -6104
0.97375 -6104
0.9675 -6048
0.96625 -6024
0.97875 -6136
0.9825 -6184
0.97625 -6120
0.9525 -5936
0.98625 -6232
0.97875 -6184
0.99 -6272
0.9825 -6184
0.97625 -6128
0.98 -6168
0.98 -6176
0.9725 -6080
0.975 -6128
0.975 -6112
0.97875 -6152
0.9675 -6072
0.97875 -6144
0.9825 -6200
0.98 -6168
0.97125 -6072
0.97 -6088
0.9725 -6080
0.9775 -6152
0.96625 -6032
0.9725 -6080
0.98375 -6208
0.98 -6184
0.97375 -6112
0.97125 -6064
0.98125 -6160
0.97625 -6104
0.98625 -6224
0.9625 -5992
0.97375 -6120
0.97625 -6152
0.9825 -6176
0.97625 -6160
0.975 -6152
0.9825 -6176
0.9725 -6096
0.9825 -6184
0.975 -6136
0.96625 -6048
0.97375 -6088
0.98625 -6224
0.97 -6080
0.97625 -6144
0.9775 -6120
0.975 -6088
0.97125 -6072
0.98875 -6264
0.97125 -6104
0.975 -6160
0.9775 -6136
0.96125 -6064
0.98 -6176
0.97625 -6104
0.98625 -6264
0.97875 -6184
0.97875 -6152
0.985 -6232
0.9725 -6088
0.9725 -6080
0.96625 -6032
0.9775 -6192
0.9825 -6216
0.9725 -6072
0.9775 -6112
0.97375 -6112
0.9825 -6184
0.98 -6160
0.9725 -6088
0.95875 -6040
0.97875 -6152
0.96625 -6032
0.9575 -5968
0.975 -6112
0.9825 -6216
0.98125 -6168
0.9725 -6072
0.975 -6112
0.97125 -6048
0.9675 -6040
0.9725 -6088
0.9775 -6152
0.97625 -6136
0.98625 -6240
0.985 -6224
0.98125 -6184
0.97375 -6096
0.98375 -6208
0.97625 -6128
0.98 -6160
0.975 -6104
0.97125 -6056
0.97 -6056
0.96125 -6016
0.97625 -6104
0.97625 -6136
0.98 -6168
0.97625 -6120
0.965 -6008
0.97125 -6064
0.9675 -6024
0.98125 -6168
0.97875 -6136
0.97375 -6120
0.9825 -6200
0.97625 -6128
0.98375 -6216
0.975 -6104
0.9825 -6208
0.97875 -6136
0.9675 -6024
0.97 -6080
0.96625 -6032
0.95375 -5896
0.9775 -6160
0.97125 -6080
0.9775 -6120
0.9725 -6096
0.97875 -6136
0.97125 -6104
0.9775 -6136
0.97125 -6096
0.96875 -6096
0.9675 -6096
0.9475 -6000
0.93 -5840
0.9625 -6128
0.95 -5944
0.9625 -5952
0.97375 -6120
0.965 -6080
0.96375 -6056
0.965 -6032
0.96625 -6016
0.96875 -6040
0.97375 -6104
0.97875 -6160
0.97125 -6056
0.9575 -5936
0.96125 -5968
0.97375 -6112
0.97625 -6104
0.98 -6152
0.95375 -5960
0.9725 -6120
0.98 -6176
0.98375 -6224
0.975 -6120
0.98375 -6216
0.97375 -6112
0.9775 -6160
0.9625 -5968
0.97125 -6056
0.97375 -6096
0.9875 -6248
0.98125 -6224
0.96875 -6040
0.97125 -6104
0.97625 -6104
0.97875 -6152
0.98375 -6200
0.97625 -6152
0.97375 -6096
0.965 -6024
0.9825 -6208
0.96875 -6096
0.9775 -6144
0.98375 -6208
0.9725 -6112
0.96875 -6040
0.9775 -6168
0.98 -6176
0.97125 -6080
0.98 -6168
0.975 -6104
0.97625 -6120
0.98 -6160
0.98125 -6176
0.975 -6112
0.97125 -6080
0.9725 -6096
0.97375 -6096
0.9825 -6208
0.97375 -6112
0.97875 -6144
0.955 -6016
0.97 -6120
0.97625 -6152
0.96625 -6000
0.96875 -6032
0.975 -6128
0.98375 -6192
0.96875 -6064
0.96625 -6008
0.97625 -6144
0.97 -6040
0.97625 -6128
0.9775 -6168
0.9825 -6200
0.97875 -6152
0.96875 -6048
0.96375 -6008
0.9225 -5736
0.97125 -6120
0.975 -6144
0.97875 -6136
0.98125 -6168
0.9725 -6096
0.97125 -6056
0.97625 -6120
0.965 -6016
0.97375 -6144
0.975 -6120
0.97875 -6160
0.97 -6040
0.97375 -6088
0.97125 -6120
0.96875 -6064
0.98125 -6184
0.98 -6168
0.9725 -6120
0.98625 -6224
0.98875 -6272
0.97875 -6184
0.98375 -6216
0.97 -6072
0.9775 -6136
0.98 -6152
0.98125 -6168
0.985 -6232
0.98 -6208
0.9825 -6184
0.97 -6056
0.96875 -6064
0.975 -6120
0.97875 -6168
0.97375 -6096
0.9725 -6072
0.985 -6224
0.95875 -5976
0.95625 -6008
0.965 -6080
0.99 -6304
0.98625 -6240
0.9825 -6216
0.9675 -6080
0.98 -6176
0.975 -6104
0.975 -6120
0.95125 -5896
0.9625 -6016
0.98 -6160
0.965 -6024
0.9725 -6088
0.9775 -6144
0.9775 -6128
0.96625 -6024
0.975 -6120
0.975 -6120
0.98125 -6168
0.985 -6224
0.9725 -6088
0.97625 -6112
0.9775 -6160
0.95125 -5864
0.96125 -5976
0.97375 -6080
0.97625 -6128
0.9775 -6160
0.97875 -6144
0.97625 -6144
0.98 -6152
0.96 -5976
0.96375 -6016
0.965 -6008
0.97375 -6168
0.95875 -6024
0.97875 -6200
0.9875 -6248
0.97125 -6112
0.97875 -6184
0.975 -6200
0.985 -6224
0.97375 -6096
0.97125 -6072
0.9775 -6152
0.9675 -6016
0.95625 -5968
0.97625 -6160
0.97125 -6152
0.9725 -6072
0.9775 -6136
0.9725 -6080
0.97125 -6080
0.9675 -6072
0.98125 -6192
0.9775 -6144
0.98125 -6184
0.97875 -6144
0.97875 -6144
0.975 -6104
0.9625 -5976
0.97125 -6088
0.96375 -6064
0.97 -6096
0.95375 -5928
0.9475 -5856
0.9625 -6000
0.98125 -6176
0.975 -6120
0.97125 -6096
0.96125 -6024
0.9575 -5984
0.96875 -6056
0.96375 -6000
0.97 -6096
0.9675 -6048
0.96375 -6008
0.985 -6216
0.97875 -6152
0.97625 -6112
0.9775 -6144
0.975 -6136
0.98375 -6192
0.97875 -6184
0.98 -6192
0.96875 -6064
0.96375 -5976
0.98 -6168
0.98 -6160
0.9725 -6088
0.98 -6184
0.96875 -6056
0.9825 -6200
0.97125 -6080
0.9575 -5936
0.9725 -6080
0.97625 -6128
0.975 -6128
0.97875 -6160
0.97125 -6120
0.985 -6224
0.97625 -6128
0.9825 -6208
0.98125 -6176
0.9825 -6184
0.9575 -5976
0.975 -6136
0.9575 -5984
0.965 -6048
0.98 -6152
0.98 -6176
0.97875 -6128
0.96625 -6024
0.97125 -6104
0.96875 -6072
0.97375 -6096
0.9825 -6192
0.9825 -6184
0.98125 -6160
0.9825 -6184
0.97875 -6144
0.97875 -6160
0.96625 -6048
0.9625 -6096
0.95375 -5912
0.97 -6080
0.97375 -6072
0.98375 -6216
0.97125 -6048
0.96875 -6056
0.965 -6008
0.96625 -6000
0.98125 -6184
0.97125 -6064
0.9875 -6240
0.97875 -6136
0.97625 -6128
0.98125 -6176
0.97375 -6096
0.96875 -6048
0.97625 -6136
0.97625 -6112
0.9725 -6080
0.97875 -6176
0.96 -5944
0.98625 -6224
0.97 -6080
0.97625 -6104
0.9775 -6152
0.97625 -6120
0.97375 -6136
0.97375 -6112
0.96375 -6000
0.9675 -6048
0.9675 -6040
0.96625 -6040
0.97125 -6056
0.9775 -6136
0.97375 -6112
0.98 -6168
0.95625 -5928
0.96375 -6016
0.9775 -6136
0.975 -6096
0.96625 -6024
0.98125 -6192
0.97375 -6096
0.985 -6224
0.97 -6072
0.975 -6112
0.9725 -6112
0.96875 -6072
0.97625 -6144
0.97625 -6128
0.9775 -6128
0.9725 -6104
0.96625 -6000
0.98125 -6216
0.97 -6064
0.97125 -6064
0.965 -6024
0.9575 -6008
0.965 -6016
0.9675 -6056
0.96875 -6064
0.97875 -6144
0.97125 -6080
0.975 -6136
0.9575 -5952
0.98 -6160
0.9825 -6200
0.97375 -6080
0.96625 -6032
0.98 -6152
0.98 -6176
0.9825 -6192
0.985 -6224
0.9825 -6176
0.98 -6152
0.98375 -6208
0.9575 -5992
0.9625 -6056
0.9625 -6016
0.97 -6096
0.96875 -6072
0.9775 -6152
0.97375 -6112
0.955 -5976
0.97375 -6096
0.97875 -6152
0.97125 -6112
0.97875 -6152
0.98875 -6272
0.9775 -6144
0.975 -6096
0.96875 -6064
0.9875 -6248
0.97625 -6160
0.9725 -6120
0.9475 -5888
0.95875 -5984
0.98125 -6176
0.985 -6216
0.985 -6232
0.97875 -6168
0.98 -6168
0.9775 -6152
0.98 -6152
0.9625 -5960
0.9825 -6208
0.9575 -5928
0.97875 -6136
0.975 -6112
0.9625 -6000
0.97875 -6152
0.975 -6104
0.98 -6176
0.97125 -6104
0.98375 -6200
0.985 -6232
0.98 -6160
0.985 -6240
0.97125 -6080
0.975 -6136
0.975 -6096
0.975 -6096
0.98375 -6208
0.98 -6160
0.98125 -6192
0.97625 -6152
0.97875 -6160
0.98125 -6168
0.97875 -6152
0.98 -6144
0.9675 -6056
0.97875 -6168
0.98125 -6176
0.9725 -6120
0.98125 -6200
0.97375 -6096
0.96375 -6040
0.9775 -6144
0.975 -6128
0.96625 -6064
0.9725 -6080
0.97375 -6120
0.95625 -5912
0.97875 -6160
0.975 -6128
0.9575 -5992
0.96375 -6048
0.95 -5888
0.97 -6112
0.9675 -6056
0.97375 -6104
0.96375 -6000
0.97625 -6136
0.97125 -6088
0.97625 -6136
0.97375 -6064
0.96625 -6056
0.97625 -6128
0.96875 -6064
0.9775 -6128
0.96875 -6040
0.97625 -6144
0.9625 -6032
0.97625 -6112
0.975 -6112
0.95625 -5936
0.97875 -6160
0.9825 -6184
0.98 -6184
0.975 -6104
0.9725 -6088
0.97625 -6096
0.98625 -6224
0.98125 -6184
0.98 -6168
0.96625 -6048
0.96875 -6096
0.9675 -6088
0.98125 -6192
0.9825 -6192
0.9725 -6096
0.98375 -6232
0.9775 -6120
0.965 -6000
0.96875 -6072
0.97 -6056
0.96625 -6024
0.97875 -6152
0.96875 -6048
0.96875 -6032
0.97 -6064
0.9725 -6112
0.9725 -6080
0.97625 -6112
0.97625 -6112
0.98375 -6208
0.95375 -5944
0.975 -6120
0.9625 -6008
0.98125 -6184
0.9725 -6064
0.97625 -6136
0.97 -6032
0.9525 -5904
0.98 -6152
0.9675 -6032
0.975 -6136
0.96625 -6024
0.9775 -6168
0.97625 -6136
0.97625 -6104
0.97375 -6104
0.9725 -6072
0.98125 -6184
0.975 -6128
0.9675 -6040
0.975 -6128
0.96625 -6032
0.975 -6104
0.96875 -6096
0.97875 -6160
0.9825 -6200
0.98 -6160
0.9725 -6072
0.975 -6104
0.9825 -6192
0.9675 -6056
0.97125 -6056
0.98 -6168
0.97375 -6080
0.97125 -6064
0.97625 -6152
0.965 -6048
0.98375 -6216
0.97875 -6152
0.97875 -6144
0.96 -6112
0.96875 -6136
0.97625 -6168
0.98 -6184
0.97875 -6168
0.97 -6056
0.97 -6056
0.97875 -6168
0.97 -6064
0.975 -6160
0.9725 -6080
0.98375 -6192
0.965 -6104
0.96625 -6056
0.97125 -6064
0.97625 -6120
0.96 -6000
0.9625 -6032
0.9775 -6136
0.98125 -6168
0.985 -6232
0.97125 -6064
0.97 -6048
0.975 -6112
0.9775 -6144
0.97125 -6088
0.975 -6096
0.97875 -6152
0.97375 -6112
0.97125 -6080
0.98 -6160
0.97 -6072
0.9825 -6200
0.97 -6104
0.97 -6064
0.98125 -6200
0.97 -6128
0.98125 -6168
0.97875 -6144
0.97125 -6056
0.97875 -6136
0.9675 -6016
0.97375 -6136
0.98125 -6168
0.975 -6112
0.9675 -5992
0.98 -6192
0.97375 -6120
0.97125 -6064
0.98 -6152
0.9775 -6144
0.9825 -6192
0.9875 -6264
0.98375 -6208
0.97875 -6136
0.98125 -6192
0.9625 -6040
0.98125 -6168
0.985 -6208
0.975 -6104
0.9725 -6104
0.96375 -6016
0.97625 -6120
0.98125 -6176
0.99 -6280
0.97625 -6120
0.9825 -6176
0.9775 -6136
0.965 -6024
0.98875 -6264
0.97625 -6128
0.985 -6208
0.98 -6168
0.975 -6144
0.96125 -6032
0.96125 -6008
0.96625 -6072
0.9725 -6080
0.97375 -6112
0.97 -6064
0.9675 -6080
0.9725 -6056
0.97 -6048
0.97 -6088
0.98 -6160
0.975 -6112
0.9775 -6144
0.9725 -6104
0.97375 -6112
0.96875 -6096
0.985 -6216
0.97625 -6120
0.9775 -6152
0.97875 -6168
0.97 -6104
0.9825 -6200
0.98 -6176
0.9725 -6088
0.97375 -6112
0.96375 -6048
0.97875 -6136
0.98 -6160
0.99 -6272
0.97 -6072
0.98375 -6192
0.9725 -6072
0.97375 -6120
0.97 -6104
0.97875 -6160
0.96625 -6000
0.9775 -6128
0.97 -6088
0.97125 -6104
0.96125 -6016
0.97 -6040
0.96875 -6024
0.96625 -6000
0.97875 -6144
0.97 -6080
0.97875 -6128
0.97625 -6120
0.985 -6224
0.97875 -6136
0.96125 -5952
0.95 -5832
0.96 -5984
0.95875 -5920
0.9775 -6120
0.97875 -6128
0.97 -6056
0.9775 -6176
0.97875 -6144
0.9775 -6152
0.97625 -6120
0.97 -6072
0.97125 -6104
0.97125 -6080
0.97 -6072
0.97375 -6080
0.9875 -6248
0.98 -6176
0.9825 -6184
0.96875 -6048
0.9825 -6192
0.985 -6208
0.985 -6216
0.97875 -6144
0.98125 -6176
0.985 -6216
0.9825 -6200
0.97875 -6176
0.96625 -6032
0.9725 -6072
0.9775 -6128
0.9825 -6184
0.97875 -6152
0.98375 -6216
0.96875 -6040
0.96 -5952
0.96625 -6040
0.9725 -6104
0.9775 -6128
0.965 -6024
0.98 -6208
0.96625 -6064
0.96125 -6000
0.975 -6168
0.9625 -6048
0.9675 -6104
0.95375 -6072
0.95625 -6064
0.965 -6056
0.97375 -6136
0.9775 -6176
0.9825 -6248
0.98125 -6184
0.98375 -6200
0.97375 -6128
0.9725 -6104
0.98 -6152
0.99125 -6288
0.98125 -6168
0.97875 -6184
0.975 -6096
0.9825 -6176
0.98375 -6200
0.98 -6160
0.96875 -6064
0.97875 -6136
0.985 -6208
0.97375 -6104
0.965 -6048
0.98375 -6200
0.96875 -6096
0.97625 -6128
0.97375 -6104
0.98 -6168
0.9775 -6128
0.97875 -6168
0.985 -6224
0.98625 -6248
0.97625 -6144
0.97625 -6152
0.98125 -6200
0.9725 -6096
0.97375 -6152
0.9825 -6200
0.96875 -6056
0.9875 -6248
0.98875 -6256
0.9775 -6136
0.97875 -6168
0.975 -6120
0.97 -6056
0.9675 -6048
0.9575 -5904
0.955 -5896
0.94875 -5832
0.955 -5944
0.9725 -6104
0.9825 -6200
0.9675 -6064
0.97625 -6144
0.97125 -6072
0.96625 -6016
0.95625 -5960
0.95 -5872
0.95625 -5888
0.97125 -6048
0.96125 -6000
0.96625 -6008
0.98 -6160
0.9725 -6056
0.9825 -6184
0.97625 -6120
0.98375 -6224
0.9825 -6224
0.96 -5960
0.9675 -6040
0.9725 -6088
0.9825 -6224
0.98375 -6192
0.98375 -6200
0.9875 -6240
0.9675 -6016
0.9625 -5976
0.96625 -6024
0.97625 -6104
0.9725 -6088
0.96125 -5960
0.96875 -6024
0.98375 -6200
0.9825 -6200
0.98375 -6240
0.98625 -6232
0.96875 -6024
0.97 -6072
0.98375 -6216
0.965 -6016
0.96125 -6040
0.965 -6080
0.96125 -6008
0.9775 -6152
0.97625 -6120
0.98375 -6216
0.955 -5960
0.98 -6184
0.98375 -6232
0.96375 -5984
0.975 -6112
0.985 -6216
0.97875 -6160
0.97625 -6096
0.9725 -6064
0.97625 -6120
0.9625 -5968
0.96875 -6032
0.9775 -6136
0.97375 -6080
0.985 -6208
0.98 -6168
0.97375 -6136
0.97875 -6168
0.96375 -5992
0.9675 -6056
0.97875 -6152
0.9725 -6088
0.98375 -6208
0.97125 -6064
0.975 -6144
0.965 -6032
0.98625 -6256
0.98875 -6256
0.9775 -6120
0.98 -6192
0.9675 -6040
0.96375 -6008
0.97125 -6080
0.965 -6032
0.965 -6064
0.965 -5984
0.97875 -6136
0.9775 -6128
0.96875 -6056
0.96875 -6072
0.95875 -5920
0.96875 -6064
0.9775 -6152
0.965 -6000
0.96125 -5984
0.95875 -5992
0.9625 -6032
0.96875 -6072
0.97625 -6104
0.97625 -6144
0.975 -6104
0.9825 -6192
0.97375 -6096
0.97625 -6144
0.98625 -6224
0.9725 -6096
0.9775 -6120
0.9775 -6128
0.9725 -6104
0.98125 -6192
0.975 -6088
0.98375 -6200
0.9725 -6096
0.98 -6160
0.98625 -6232
0.975 -6120
0.965 -6032
0.9775 -6152
0.975 -6120
0.9825 -6208
0.97875 -6144
0.9775 -6136
0.98 -6160
0.97625 -6120
0.97625 -6128
0.9675 -6024
0.98 -6160
0.97875 -6144
0.97375 -6112
0.97 -6080
0.98 -6176
0.9775 -6152
0.97 -6096
0.975 -6096
0.96375 -6008
0.9775 -6136
0.97 -6072
0.97625 -6128
0.9825 -6184
0.98375 -6200
0.9675 -6040
0.9675 -6064
0.965 -6024
0.9675 -6008
0.98125 -6168
0.98375 -6216
0.97375 -6104
0.98125 -6168
0.9675 -6032
0.975 -6120
0.97125 -6072
0.96375 -6008
0.96875 -6024
0.96 -5960
0.965 -6048
0.9775 -6160
0.97 -6120
0.98875 -6264
0.98 -6152
0.98125 -6176
0.97375 -6080
0.98375 -6216
0.97875 -6160
0.9775 -6112
0.9675 -6032
0.96875 -6040
0.975 -6096
0.9775 -6136
0.96625 -6048
0.985 -6232
0.97625 -6128
0.97875 -6168
0.9675 -6040
0.9575 -5984
0.9725 -6112
0.97125 -6080
0.975 -6128
0.97625 -6120
0.98125 -6192
0.97375 -6120
0.98125 -6184
0.9775 -6152
0.95375 -5920
0.98125 -6176
0.9775 -6152
0.985 -6216
0.96 -5936
0.96875 -6016
0.96875 -6064
0.9725 -6104
0.97375 -6096
0.9675 -6000
0.97625 -6136
0.97375 -6072
0.975 -6136
0.98625 -6224
0.98625 -6248
0.9725 -6128
0.97875 -6176
0.9825 -6184
0.97375 -6128
0.97 -6064
0.9675 -6032
0.97625 -6136
0.98 -6160
0.99125 -6288
0.975 -6144
0.9825 -6184
0.98375 -6224
0.9675 -6048
0.9675 -6040
0.97875 -6160
0.9725 -6072
0.98875 -6272
0.98375 -6208
0.9675 -6040
0.9725 -6104
0.9575 -5976
0.95375 -5912
0.9775 -6112
0.96625 -6024
0.98125 -6160
0.975 -6096
0.96 -5976
0.97125 -6064
0.96 -5960
0.97625 -6168
0.97625 -6128
0.96625 -6064
0.965 -6112
0.95125 -6016
0.97125 -6128
0.9625 -6088
0.98375 -6200
0.97375 -6128
0.96875 -6064
0.965 -6048
0.9725 -6096
0.9775 -6152
0.9725 -6088
0.96 -5992
0.97375 -6104
0.95 -5864
0.97625 -6120
0.97375 -6128
0.96125 -5976
0.97875 -6160
0.975 -6120
0.97 -6096
0.97 -6096
0.96125 -5984
0.97625 -6128
0.97125 -6088
0.9825 -6208
0.9775 -6136
0.9725 -6088
0.98 -6176
0.97375 -6096
0.97875 -6144
0.96375 -6008
0.97 -6096
0.9675 -6048
0.97875 -6160
0.97 -6072
0.9625 -6040
0.97625 -6136
0.96875 -6016
0.96625 -6040
0.97625 -6136
0.97625 -6112
0.97 -6064
0.98 -6160
0.98125 -6200
0.97625 -6136
0.96375 -6040
0.985 -6224
0.96875 -6048
0.97875 -6136
0.9875 -6248
0.975 -6104
0.9725 -6096
0.95875 -6008
0.97 -6112
0.96375 -5968
0.96625 -6032
0.96625 -6032
0.96625 -6032
0.96875 -6040
0.97 -6072
0.975 -6096
0.97375 -6128
0.9725 -6088
0.98375 -6192
0.9725 -6064
0.97125 -6080
0.97375 -6112
0.9775 -6136
0.985 -6224
0.9775 -6152
0.97125 -6056
0.96125 -6080
0.9725 -6120
0.96 -6024
0.97 -6064
0.965 -6008
0.9675 -6080
0.9725 -6080
0.97875 -6136
0.9775 -6136
0.97 -6056
0.97125 -6064
0.97625 -6152
0.96375 -6040
0.985 -6224
0.96625 -6000
0.98875 -6264
0.99 -6272
0.97625 -6112
0.9775 -6120
0.9725 -6080
0.97375 -6104
0.95875 -6008
0.9425 -5936
0.97 -6088
0.97625 -6120
0.97125 -6080
0.97875 -6168
0.97875 -6160
0.975 -6120
0.96625 -6032
0.97 -6064
0.97625 -6144
0.98125 -6168
0.97625 -6136
0.96875 -6024
0.97875 -6152
0.98375 -6216
0.9725 -6104
0.98125 -6168
0.98875 -6256
0.985 -6224
0.97375 -6088
0.97 -6096
0.975 -6120
0.975 -6128
0.98 -6152
0.9675 -6040
0.96375 -6064
0.975 -6144
0.97875 -6184
0.98 -6200
0.98125 -6184
0.975 -6120
0.98 -6192
0.98625 -6232
0.97875 -6152
0.98375 -6200
0.9825 -6184
0.97875 -6152
0.9825 -6184
0.98375 -6216
0.97625 -6104
0.97 -6088
0.95875 -5952
0.98125 -6184
0.9775 -6120
0.98375 -6208
0.98625 -6232
0.9725 -6080
0.97375 -6080
0.9775 -6128
0.96625 -6064
0.9775 -6152
0.95875 -6048
0.97 -6048
0.97375 -6104
0.9725 -6104
0.9725 -6096
0.9775 -6152
0.97125 -6088
0.99 -6272
0.97625 -6160
0.9675 -6088
0.9625 -5952
0.975 -6104
0.97 -6032
0.975 -6112
0.96125 -6048
0.9675 -6064
0.97875 -6168
0.9725 -6096
0.97375 -6136
0.98375 -6232
0.98125 -6184
0.9575 -5960
0.9675 -6024
0.9675 -6032
0.97875 -6136
0.96875 -6056
0.98 -6208
0.9875 -6240
0.975 -6104
0.9675 -6024
0.98125 -6168
0.9775 -6128
0.9675 -6088
0.9725 -6112
0.975 -6120
0.97625 -6136
0.98375 -6224
0.97 -6080
0.97 -6112
0.9725 -6112
0.97 -6080
0.9575 -5952
0.9775 -6112
0.985 -6232
0.98375 -6208
0.97375 -6096
0.96875 -6040
0.9775 -6120
0.98 -6168
0.96125 -6032
0.98 -6176
0.98625 -6256
0.97625 -6120
0.97125 -6064
0.9675 -6032
0.96625 -6032
0.96875 -6016
0.95375 -5928
0.9825 -6184
0.96125 -6040
0.96 -5976
0.97125 -6064
0.98125 -6184
0.9725 -6088
0.98 -6168
0.97625 -6136
0.97375 -6096
0.9725 -6080
0.97 -6048
0.945 -5872
0.97625 -6160
0.97375 -6088
0.9925 -6304
0.97125 -6088
0.97375 -6144
0.97875 -6176
0.965 -6056
0.97625 -6112
0.98625 -6232
0.98125 -6192
0.98 -6176
0.9825 -6216
0.97375 -6088
0.985 -6224
0.97 -6088
0.9775 -6152
0.97875 -6144
0.97375 -6104
0.98125 -6168
0.97125 -6072
0.975 -6104
0.98 -6160
0.9725 -6096
0.9775 -6136
0.9575 -5944
0.96 -5992
0.97375 -6128
0.9625 -5968
0.96625 -5992
0.97375 -6104
0.975 -6128
0.96875 -6056
0.96375 -6056
0.9675 -6032
0.9625 -6016
0.97 -6072
0.96625 -6064
0.9675 -6016
0.95875 -5984
0.97375 -6128
0.9775 -6136
0.96125 -6000
0.96875 -6040
0.9825 -6184
0.9675 -6016
0.98 -6144
0.98 -6152
0.965 -6008
0.9725 -6096
0.98625 -6240
0.97875 -6192
0.9725 -6104
0.97 -6064
0.97875 -6176
0.9775 -6120
0.96875 -6032
0.9775 -6152
0.98 -6176
0.97625 -6160
0.96625 -6040
0.96875 -6032
0.96125 -6000
0.97375 -6096
0.9575 -5944
0.95875 -5920
0.9725 -6096
0.98 -6176
0.98 -6176
0.97875 -6136
0.98125 -6208
0.98375 -6240
0.9725 -6072
0.98125 -6168
0.975 -6104
0.97625 -6112
0.98625 -6240
0.98125 -6192
0.98125 -6184
0.98625 -6240
0.9825 -6200
0.98625 -6240
0.97375 -6088
0.97125 -6064
0.955 -5920
0.95875 -5952
0.9775 -6144
0.9775 -6120
0.97875 -6152
0.98375 -6200
0.97375 -6088
0.98375 -6200
0.9825 -6216
0.9825 -6192
0.975 -6104
0.95625 -5944
0.97875 -6144
0.98875 -6264
0.98 -6176
0.97875 -6144
0.985 -6216
0.9725 -6096
0.98375 -6192
0.98 -6160
0.975 -6120
0.97125 -6096
0.97125 -6088
0.97625 -6136
0.975 -6152
0.96625 -6008
0.97875 -6176
0.97375 -6120
0.98125 -6184
0.97875 -6152
0.98375 -6200
0.9725 -6096
0.95875 -5968
0.97625 -6120
0.97375 -6136
0.97625 -6128
0.97375 -6088
0.97375 -6112
0.9775 -6120
0.9675 -6048
0.9725 -6080
0.9725 -6072
0.975 -6104
0.97 -6056
0.9725 -6112
0.975 -6096
0.97125 -6072
0.97625 -6128
0.9725 -6112
0.97125 -6080
0.97125 -6080
0.97875 -6160
0.96875 -6112
0.9725 -6080
0.97875 -6144
0.9775 -6120
0.98 -6168
0.97 -6096
0.975 -6112
0.97875 -6152
0.97125 -6064
0.97625 -6136
0.98 -6184
0.9825 -6192
0.98 -6192
0.9625 -6024
0.9825 -6200
0.96625 -6048
0.96125 -5992
0.98125 -6192
0.97 -6136
0.95875 -6008
0.9575 -6000
0.9625 -6024
0.98 -6176
0.9825 -6184
0.98375 -6216
0.985 -6224
0.9675 -6048
0.9725 -6080
0.98 -6152
0.985 -6224
0.9825 -6200
0.96125 -6024
0.975 -6144
0.9725 -6088
0.96625 -6032
0.965 -6040
0.96875 -6072
0.96875 -6040
0.96875 -6056
0.9625 -5992
0.9775 -6144
0.9775 -6176
0.96875 -6048
0.95125 -5928
0.965 -6032
0.975 -6136
0.9675 -6072
0.96125 -6000
0.96875 -6056
0.9675 -6056
0.97125 -6056
0.975 -6128
0.96375 -6032
0.9675 -6064
0.9775 -6144
0.99125 -6288
0.98125 -6176
0.97 -6088
0.96625 -6048
0.9725 -6112
0.9775 -6152
0.985 -6216
0.97125 -6080
0.97625 -6120
0.98125 -6184
0.9775 -6144
0.96625 -6032
0.97375 -6096
0.98625 -6240
0.97875 -6152
0.96125 -5984
0.965 -6032
0.9675 -6048
0.96875 -6056
0.9675 -6048
0.97 -6096
0.97875 -6168
0.97125 -6072
0.9775 -6192
0.96375 -5984
0.97625 -6128
0.98125 -6200
0.9625 -5992
0.98125 -6184
0.9775 -6120
0.975 -6136
0.9725 -6080
0.96625 -6000
0.985 -6224
0.975 -6104
0.975 -6120
0.97625 -6144
0.97125 -6080
0.96625 -6008
0.97875 -6144
0.98 -6192
0.9825 -6232
0.97625 -6096
0.97625 -6136
0.95625 -5936
0.96875 -6056
0.98 -6168
0.98 -6192
0.96875 -6032
0.96625 -6096
0.96875 -6072
0.9625 -6000
0.97625 -6136
0.9625 -6008
0.96875 -6040
0.96875 -6080
0.96625 -6024
0.965 -5984
0.975 -6144
0.96125 -6016
0.96125 -6016
0.97875 -6128
0.97625 -6112
0.98875 -6256
0.98625 -6232
0.97375 -6120
0.98125 -6176
0.97875 -6152
0.97875 -6152
0.9675 -6088
0.9725 -6072
0.97125 -6056
0.97375 -6136
0.97 -6072
0.9775 -6144
0.98 -6176
0.98 -6144
0.97 -6056
0.9675 -6056
0.95625 -5944
0.9725 -6080
0.97375 -6104
0.9875 -6256
0.9725 -6064
0.96875 -6032
0.9825 -6216
0.955 -5968
0.97125 -6072
0.9775 -6144
0.96875 -6024
0.97625 -6152
0.98 -6152
0.9875 -6256
0.98 -6168
0.98625 -6240
0.98375 -6192
0.97875 -6128
0.99375 -6328
0.96 -5952
0.96375 -6000
0.97125 -6080
0.9625 -6016
0.98125 -6208
0.96875 -6080
0.97125 -6088
0.95375 -5896
0.96625 -6048
0.9775 -6168
0.97375 -6136
0.98 -6152
0.97125 -6080
0.9825 -6184
0.975 -6112
0.975 -6088
0.975 -6096
0.98375 -6200
0.97875 -6152
0.97 -6064
0.975 -6128
0.96875 -6024
0.985 -6208
0.97375 -6112
0.975 -6112
0.97 -6064
0.98 -6200
0.99 -6288
0.98375 -6200
0.98 -6160
0.98375 -6200
0.975 -6120
0.9725 -6072
0.97625 -6152
0.97 -6048
0.97125 -6088
0.98125 -6176
0.975 -6112
0.97875 -6136
0.985 -6216
0.99 -6280
0.9875 -6248
0.97375 -6088
0.98 -6176
0.98375 -6208
0.96625 -6008
0.96875 -6016
0.96125 -5952
0.98 -6160
0.97125 -6112
0.98 -6200
0.97875 -6152
0.98125 -6176
0.98 -6200
0.97125 -6056
0.95 -5872
0.96375 -6000
0.97 -6032
0.9675 -6040
0.96875 -6096
0.9775 -6128
0.96 -5984
0.97875 -6144
0.9775 -6144
0.98875 -6264
0.98375 -6216
0.9875 -6248
0.98375 -6216
0.97875 -6144
0.975 -6112
0.96875 -6056
0.9775 -6136
0.975 -6088
0.97375 -6104
0.97375 -6104
0.9775 -6176
0.9675 -6072
0.96875 -6088
0.955 -5984
0.97125 -6136
0.98 -6176
0.955 -6008
0.97 -6112
0.97375 -6112
0.97875 -6160
0.97 -6040
0.9775 -6136
0.97875 -6176
0.98125 -6168
0.97125 -6056
0.98 -6152
0.9675 -6024
0.9725 -6088
0.96875 -6048
0.9675 -6056
0.95875 -5952
0.96625 -6008
0.97625 -6120
0.97125 -6112
0.97625 -6144
0.97 -6056
0.9575 -5952
0.96625 -6040
0.9775 -6160
0.96375 -6024
0.965 -6064
0.97 -6096
0.97875 -6168
0.9875 -6256
0.98375 -6208
0.97625 -6128
0.98375 -6208
0.97625 -6176
0.96875 -6080
0.9775 -6160
0.9875 -6256
0.985 -6232
0.98375 -6200
0.98 -6160
0.97 -6096
0.96625 -6072
0.97125 -6096
0.97625 -6112
0.96875 -6104
0.97 -6088
0.98 -6152
0.97375 -6072
0.9675 -6048
0.97 -6040
0.97125 -6072
0.9675 -6032
0.9575 -5952
0.96 -5976
0.97375 -6088
0.9725 -6064
0.975 -6104
0.97375 -6088
0.96125 -5984
0.9825 -6208
0.97875 -6144
0.97625 -6128
0.97 -6056
0.96875 -6104
0.96375 -6088
0.9675 -6152
0.96 -6072
0.9675 -6016
0.96625 -6000
0.98125 -6176
0.98625 -6232
0.9825 -6184
0.965 -6032
0.9825 -6216
0.95875 -6000
0.98125 -6184
0.9775 -6160
0.985 -6216
0.9625 -5992
0.9725 -6088
0.965 -5984
0.965 -6000
0.95875 -6048
0.98125 -6224
0.96375 -5976
0.98 -6144
0.9775 -6136
0.965 -5992
0.96875 -6032
0.9625 -5976
0.97375 -6112
0.97 -6096
0.9725 -6120
0.9875 -6248
0.98 -6176
0.9775 -6128
0.97625 -6120
0.9775 -6152
0.9775 -6144
0.97375 -6104
0.9725 -6104
0.9725 -6088
0.96875 -6040
0.97875 -6128
0.98375 -6200
0.965 -6048
0.9725 -6080
0.97875 -6144
0.98625 -6232
0.98625 -6224
0.98125 -6192
0.9575 -5952
0.97625 -6128
0.98 -6160
0.98 -6160
0.975 -6112
0.96875 -6048
0.97625 -6112
0.9775 -6144
0.98375 -6200
0.97625 -6144
0.96375 -5984
0.95625 -5952
0.975 -6168
0.9775 -6144
0.97375 -6136
0.97125 -6120
0.955 -5976
0.96125 -5984
0.97 -6088
0.9825 -6216
0.97875 -6144
0.97125 -6080
0.98125 -6160
0.98 -6152
0.98 -6160
0.9775 -6144
0.96 -5936
0.9825 -6200
0.97875 -6136
0.985 -6232
0.98 -6176
0.97125 -6104
0.9775 -6168
0.98 -6160
0.97875 -6136
0.99125 -6296
0.9825 -6192
0.96875 -6048
0.9775 -6136
0.96875 -6032
0.97125 -6096
0.97625 -6120
0.97625 -6152
0.98625 -6248
0.985 -6208
0.98 -6152
0.975 -6120
0.97375 -6080
0.985 -6224
0.975 -6128
0.975 -6112
0.975 -6120
0.9625 -5968
0.96375 -6008
0.975 -6128
0.96625 -6048
0.97375 -6096
0.975 -6128
0.97375 -6080
0.98 -6168
0.97625 -6112
0.97375 -6120
0.97 -6032
0.9675 -6040
0.98125 -6168
0.9875 -6248
0.975 -6112
0.97375 -6120
0.9625 -5976
0.9725 -6112
0.9775 -6136
0.97 -6072
0.98125 -6168
0.97875 -6160
0.9775 -6112
0.96 -5960
0.97 -6064
0.97875 -6144
0.97125 -6048
0.9725 -6096
0.9775 -6136
0.96875 -6056
0.96625 -6016
0.9725 -6072
0.9575 -5920
0.97875 -6136
0.98 -6160
0.9825 -6192
0.98125 -6176
0.96625 -6016
0.97625 -6136
0.98 -6200
0.97875 -6152
0.9775 -6168
0.97875 -6176
0.97375 -6064
0.97125 -6056
0.965 -6056
0.9725 -6080
0.97625 -6120
0.9775 -6144
0.97125 -6064
0.97625 -6144
0.9775 -6144
0.965 -6024
0.97125 -6072
0.97625 -6096
0.9825 -6184
0.975 -6144
0.9875 -6248
0.98125 -6184
0.97 -6088
0.9675 -6088
0.97625 -6152
0.97375 -6128
0.965 -6040
0.9725 -6104
0.97125 -6080
0.97625 -6136
0.9775 -6144
0.97 -6056
0.97125 -6048
0.97375 -6080
0.97625 -6120
0.98 -6168
0.97625 -6136
0.9775 -6136
0.97375 -6104
0.98125 -6168
0.97 -6096
0.975 -6128
0.9825 -6200
0.97125 -6120
0.98125 -6176
0.97875 -6160
0.9625 -6008
0.965 -6024
0.9675 -6016
0.9725 -6088
0.96375 -6016
0.97125 -6120
0.97375 -6088
0.97625 -6144
0.96125 -6048
0.96375 -6080
0.9625 -6016
0.9625 -5976
0.97375 -6152
0.96875 -6096
0.9675 -6088
0.97 -6112
0.97875 -6136
0.97125 -6064
0.96375 -6000
0.98 -6160
0.98 -6160
0.98875 -6256
0.9775 -6136
0.96375 -6032
0.9675 -6040
0.975 -6136
0.96375 -6048
0.97125 -6112
0.97375 -6112
0.97875 -6160
0.98125 -6168
0.9775 -6136
0.9875 -6248
0.98 -6144
0.98375 -6192
0.97375 -6144
0.9875 -6264
0.96875 -6056
0.97125 -6104
0.96625 -6056
0.965 -6048
0.98125 -6176
0.9775 -6136
0.965 -6000
0.9775 -6120
0.96875 -6104
0.96625 -6080
0.98125 -6224
0.965 -6056
0.9525 -5896
0.95375 -5968
0.9625 -5968
0.97375 -6096
0.98 -6160
0.97125 -6056
0.96375 -5992
0.96875 -6040
0.96875 -6080
0.97125 -6088
0.96375 -6016
0.9675 -6048
0.975 -6112
0.975 -6120
0.97375 -6072
0.9725 -6080
0.97 -6048
0.9775 -6128
0.98 -6160
0.98375 -6200
0.99 -6272
0.97875 -6136
0.96875 -6080
0.95875 -5928
0.9725 -6056
0.98125 -6184
0.96625 -6008
0.97625 -6128
0.98125 -6184
0.9775 -6128
0.97625 -6160
0.985 -6216
0.9825 -6216
0.97125 -6104
0.97875 -6160
0.98125 -6168
0.9725 -6104
0.96625 -6040
0.965 -6040
0.97625 -6120
0.9675 -6032
0.98125 -6200
0.985 -6208
0.98875 -6264
0.975 -6128
0.9725 -6088
0.9625 -6008
0.97 -6064
0.97625 -6136
0.97 -6072
0.97875 -6160
0.9725 -6112
0.97875 -6128
0.97875 -6144
0.9825 -6192
0.9725 -6152
0.96625 -6040
0.97 -6064
0.97125 -6112
0.975 -6104
0.9775 -6176
0.97 -6088
0.9675 -6056
0.9725 -6088
0.97 -6072
0.97625 -6128
0.97125 -6096
0.97625 -6128
0.97125 -6088
0.9625 -6008
0.9575 -5920
0.95875 -5944
0.9875 -6248
0.97875 -6136
0.98 -6168
0.9825 -6232
0.96625 -6040
0.98375 -6192
0.985 -6216
0.97 -6088
0.95875 -5984
0.97 -6136
0.9525 -5936
0.9725 -6112
0.97125 -6056
0.9625 -5960
0.965 -6008
0.9775 -6144
0.9775 -6152
0.9775 -6128
0.98875 -6256
0.9575 -6008
0.96625 -6064
0.98 -6176
0.96875 -6104
0.97125 -6088
0.9725 -6088
0.98125 -6160
0.9725 -6064
0.97875 -6152
0.975 -6136
0.98625 -6264
0.985 -6248
0.975 -6104
0.98625 -6232
0.98125 -6176
0.97625 -6144
0.97 -6072
0.96375 -6072
0.9825 -6192
0.9775 -6136
0.9825 -6216
0.975 -6144
0.97375 -6120
0.98125 -6208
0.9775 -6136
0.96875 -6088
0.97 -6096
0.9775 -6160
0.98375 -6200
0.9675 -6040
0.975 -6168
0.97 -6064
0.97375 -6112
0.9825 -6184
0.97375 -6104
0.9775 -6144
0.9675 -6040
0.96375 -6008
0.965 -6048
0.9725 -6072
0.9625 -5976
0.97 -6040
0.96125 -5984
0.97125 -6064
0.97 -6048
0.97125 -6080
0.96 -5952
0.95875 -5944
0.975 -6128
0.98 -6184
0.96625 -6088
0.96625 -6056
0.97625 -6136
0.98 -6152
0.9775 -6128
0.97375 -6144
0.96625 -6048
0.9775 -6136
0.98125 -6192
0.97875 -6152
0.98625 -6256
0.97875 -6152
0.97 -6064
0.975 -6112
0.9775 -6144
0.9825 -6176
0.9725 -6096
0.985 -6216
0.97875 -6168
0.98125 -6200
0.9775 -6136
0.97375 -6104
0.97 -6048
0.97875 -6160
0.96875 -6072
0.98 -6160
0.97375 -6088
0.96875 -6072
0.97875 -6152
0.975 -6096
0.9625 -6016
0.97 -6064
0.97125 -6096
0.9675 -6056
0.97625 -6152
0.97 -6064
0.9775 -6152
0.97875 -6168
0.98625 -6240
0.96875 -6040
0.97125 -6072
0.98125 -6184
0.9825 -6200
0.98 -6152
0.97125 -6064
0.9675 -6024
0.9725 -6072
0.97875 -6152
0.97125 -6144
0.98125 -6184
0.9625 -5976
0.96625 -6080
0.9825 -6184
0.97875 -6144
0.9725 -6072
0.97375 -6096
0.97375 -6136
0.95875 -5936
0.97 -6048
0.9625 -6000
0.96375 -6016
0.94875 -5944
0.96875 -6064
0.97875 -6200
0.975 -6168
0.97375 -6112
0.9625 -6008
0.975 -6120
0.9775 -6112
0.97625 -6120
0.96125 -5960
0.9525 -5920
0.97375 -6136
0.97 -6048
0.965 -6000
0.985 -6232
0.97 -6056
0.96875 -6064
0.96625 -6016
0.97 -6032
0.97625 -6168
0.97375 -6096
0.97375 -6088
0.9825 -6184
0.97625 -6128
0.97125 -6080
0.96875 -6032
0.9825 -6184
0.97875 -6152
0.96875 -6064
0.97125 -6080
0.9775 -6168
0.97375 -6096
0.95125 -5936
0.97875 -6168
0.985 -6224
0.97375 -6104
0.97625 -6128
0.975 -6088
0.9675 -6040
0.97375 -6104
0.98125 -6168
0.97125 -6112
0.96375 -6032
0.96875 -6048
0.98875 -6256
0.97875 -6136
0.965 -6040
0.97625 -6112
0.9725 -6080
0.9675 -6040
0.96375 -6024
0.95625 -5936
0.9775 -6128
0.9775 -6136
0.98625 -6232
0.9825 -6192
0.97375 -6080
0.975 -6096
0.98375 -6200
0.95375 -5920
0.98 -6192
0.965 -6072
0.955 -5984
0.96625 -5992
0.96125 -5992
0.96875 -6072
0.97875 -6176
0.97875 -6144
0.9775 -6144
0.9725 -6104
0.9775 -6152
0.9775 -6120
0.97375 -6088
0.98 -6168
0.96875 -6064
0.98375 -6200
0.9725 -6056
0.9725 -6080
0.975 -6120
0.9775 -6152
0.98375 -6224
0.98125 -6176
0.9725 -6072
0.97625 -6152
0.98 -6144
0.97375 -6088
0.97125 -6064
0.97625 -6136
0.975 -6144
0.96 -5992
0.955 -5904
0.975 -6088
0.9775 -6136
0.96375 -6024
0.9725 -6080
0.9675 -6064
0.975 -6128
0.97625 -6152
0.9725 -6064
0.98625 -6232
0.9875 -6240
0.98375 -6208
0.9525 -5896
0.94875 -5880
0.96625 -5992
0.9775 -6136
0.9725 -6096
0.98 -6160
0.96625 -6024
0.9775 -6136
0.9775 -6160
0.9775 -6168
0.9825 -6176
0.9775 -6144
0.9675 -6008
0.9725 -6104
0.975 -6144
0.9675 -6032
0.95875 -6016
0.96 -5952
0.97875 -6152
0.97375 -6096
0.98375 -6200
0.97875 -6168
0.96 -6008
0.98 -6184
0.9625 -6040
0.97625 -6104
0.98 -6144
0.96375 -5984
0.965 -6000
0.97625 -6128
0.975 -6112
0.96625 -6016
0.97125 -6080
0.96875 -6072
0.97125 -6080
0.97 -6104
0.975 -6096
0.9675 -6024
0.96875 -6048
0.9575 -5912
0.9625 -6000
0.97625 -6160
0.97125 -6096
0.97375 -6088
0.96625 -6016
0.97875 -6144
0.9825 -6176
0.97875 -6152
0.97875 -6184
0.98125 -6176
0.98 -6168
0.98875 -6256
0.965 -5976
0.9775 -6136
0.97375 -6104
0.9775 -6144
0.97375 -6144
0.97125 -6072
0.98375 -6200
0.9825 -6192
0.975 -6104
0.98 -6168
0.97875 -6152
0.975 -6112
0.98625 -6240
0.975 -6120
0.975 -6088
0.9625 -5992
0.95625 -5928
0.97375 -6144
0.97625 -6096
0.965 -6048
0.975 -6112
0.98375 -6192
0.97 -6040
0.97125 -6064
0.9675 -6032
0.97375 -6120
0.9725 -6120
0.97 -6088
0.9675 -6048
0.9725 -6080
0.96375 -6040
0.97125 -6120
0.97125 -6080
0.97 -6056
0.96125 -6016
0.96 -5960
0.96375 -6008
0.96875 -6096
0.97375 -6096
0.97 -6096
0.95875 -5952
0.965 -6072
0.985 -6224
0.98375 -6208
0.9775 -6112
0.97625 -6112
0.975 -6120
0.9775 -6136
0.98125 -6192
0.9775 -6128
0.96875 -6096
0.97 -6056
0.96875 -6040
0.96875 -6048
0.9725 -6104
0.96125 -6016
0.95 -5840
0.965 -6032
0.98375 -6208
0.9775 -6120
0.975 -6104
0.97375 -6120
0.9725 -6104
0.98125 -6168
0.97625 -6128
0.9675 -6048
0.9575 -5976
0.97 -6080
0.96625 -6064
0.97625 -6128
0.97375 -6128
0.98 -6152
0.98125 -6184
0.9825 -6184
0.975 -6112
0.97125 -6072
0.9775 -6136
0.96875 -6048
0.97375 -6112
0.97875 -6176
0.97875 -6152
0.9775 -6160
0.9725 -6104
0.97125 -6072
0.9725 -6064
0.97125 -6064
0.9675 -6056
0.97875 -6152
0.9625 -5968
0.96625 -6080
0.97625 -6144
0.9825 -6184
0.98125 -6168
0.98125 -6192
0.975 -6136
0.97375 -6088
0.97125 -6072
0.9775 -6128
0.98 -6168
0.97 -6048
0.97 -6040
0.9775 -6144
0.97875 -6160
0.97875 -6152
0.96125 -6016
0.97625 -6144
0.95375 -5928
0.97125 -6096
0.98625 -6232
0.9725 -6128
0.955 -5872
0.965 -6008
0.97125 -6096
0.97 -6048
0.99125 -6296
0.9825 -6200
0.96 -5952
0.9825 -6192
0.98 -6176
0.96125 -6016
0.955 -5960
0.96125 -5976
0.975 -6120
0.9675 -6040
0.97 -6064
0.9675 -6032
0.9675 -6048
0.97625 -6112
0.97125 -6096
0.9625 -6048
0.975 -6112
0.96375 -6000
0.96375 -5992
0.97125 -6080
0.96875 -6040
0.97625 -6120
0.98625 -6224
0.96875 -6072
0.9725 -6088
0.98625 -6224
0.97625 -6120
0.97875 -6136
0.97875 -6168
0.9875 -6240
0.98 -6160
0.97625 -6120
0.9675 -6128
0.94625 -5896
0.95 -6040
0.95375 -6032
0.98125 -6176
0.97125 -6120
0.97625 -6152
0.97625 -6144
0.97125 -6072
0.9675 -6080
0.97 -6064
0.975 -6112
0.97125 -6104
0.96 -6064
0.945 -5840
0.9625 -5976
0.96875 -6048
0.98125 -6168
0.975 -6136
0.9725 -6104
0.955 -5904
0.9775 -6136
0.9825 -6216
0.965 -6016
0.975 -6128
0.97875 -6144
0.975 -6096
0.97875 -6136
0.9725 -6112
0.9725 -6088
0.98625 -6224
0.97875 -6160
0.9825 -6216
0.97875 -6152
0.975 -6136
0.96625 -6024
0.97375 -6104
0.9725 -6136
0.97125 -6104
0.97125 -6080
0.97 -6072
0.9775 -6144
0.97625 -6136
0.96875 -6080
0.96 -5952
0.9725 -6080
0.9675 -6048
0.96875 -6072
0.96375 -6024
0.97375 -6112
0.97375 -6088
0.98125 -6176
0.97625 -6136
0.97625 -6128
0.97625 -6120
0.975 -6080
0.97 -6096
0.975 -6104
0.98125 -6192
0.975 -6128
0.9775 -6128
0.97375 -6128
0.975 -6112
0.96625 -5992
0.97375 -6144
0.97125 -6088
0.96 -6040
0.9775 -6168
0.9825 -6208
0.97625 -6120
0.97625 -6136
0.97875 -6168
0.9725 -6168
0.97125 -6088
0.97875 -6160
0.9775 -6120
0.9875 -6248
0.97 -6072
0.97875 -6168
0.97625 -6120
0.9775 -6152
0.9775 -6128
0.98 -6160
0.98 -6152
0.97625 -6112
0.96875 -6056
0.9625 -5984
0.9675 -6040
0.96625 -6040
0.9675 -6048
0.95375 -5960
0.9575 -5944
0.955 -5904
0.96875 -6072
0.9775 -6144
0.97875 -6160
0.9675 -6024
0.97875 -6144
0.98 -6160
0.98125 -6192
0.9825 -6184
0.96875 -6064
0.965 -6072
0.95625 -6000
0.95625 -6000
0.96125 -6024
0.97 -6080
0.9775 -6128
0.9775 -6152
0.9775 -6144
0.97 -6104
0.9525 -5928
0.9725 -6072
0.98 -6152
0.97625 -6112
0.9675 -6040
0.96875 -6064
0.97875 -6160
0.9775 -6128
0.98 -6168
0.98625 -6232
0.965 -6016
0.95 -5872
0.9575 -5952
0.96875 -6048
0.96 -6040
0.9825 -6192
0.9775 -6160
0.98 -6168
0.975 -6112
0.975 -6112
0.9775 -6136
0.985 -6224
0.9775 -6136
0.97625 -6128
0.97125 -6080
0.98125 -6184
0.98125 -6176
0.9775 -6152
0.98 -6168
0.9725 -6088
0.97875 -6160
0.97375 -6104
0.9825 -6192
0.975 -6104
0.97625 -6128
0.96625 -6056
0.98625 -6224
0.9825 -6176
0.97625 -6120
0.9825 -6184
0.98 -6168
0.99 -6280
0.97375 -6112
0.99 -6288
0.97125 -6112
0.98125 -6208
0.97375 -6104
0.965 -6056
0.96125 -5960
0.975 -6088
0.9675 -6048
0.9725 -6056
0.9675 -6032
0.965 -5984
0.96875 -6032
0.9875 -6240
0.98875 -6256
0.975 -6096
0.97375 -6104
0.97875 -6144
0.9725 -6072
0.975 -6112
0.9575 -5984
0.97125 -6080
0.98625 -6224
0.98375 -6208
0.9725 -6104
0.99125 -6296
0.96875 -6040
0.96375 -6008
0.96875 -6048
0.975 -6104
0.9775 -6144
0.97875 -6160
0.9725 -6112
0.975 -6136
0.975 -6144
0.9725 -6136
0.975 -6120
0.97125 -6080
0.985 -6216
0.985 -6216
0.97125 -6136
0.965 -6016
0.97875 -6144
0.9675 -6064
0.97125 -6088
0.9775 -6160
0.9675 -6040
0.98125 -6200
0.975 -6128
0.98375 -6224
0.9775 -6136
0.98125 -6168
0.98 -6160
0.9675 -6024
0.97875 -6152
0.98 -6168
0.985 -6208
0.9675 -6160
0.96875 -6104
0.97875 -6192
0.985 -6224
0.98375 -6200
0.98125 -6184
0.97625 -6160
0.965 -6056
0.97375 -6104
0.98 -6160
0.97875 -6152
0.97 -6088
0.96875 -6056
0.96375 -6072
0.97125 -6104
0.97625 -6160
0.97625 -6144
0.98125 -6176
0.97375 -6136
0.97875 -6136
0.9725 -6080
0.98 -6160
0.98125 -6184
0.9725 -6112
0.9775 -6152
0.98375 -6192
0.9775 -6120
0.975 -6112
0.9725 -6112
0.98375 -6200
0.97875 -6144
0.97375 -6104
0.97125 -6056
0.985 -6216
0.98 -6208
0.98 -6176
0.9475 -5872
0.97 -6096
0.975 -6136
0.97125 -6056
0.975 -6120
0.97125 -6056
0.97625 -6104
0.98875 -6264
0.985 -6216
0.985 -6216
0.98375 -6232
0.975 -6120
0.97625 -6144
0.9825 -6176
0.97375 -6096
0.97 -6032
0.975 -6144
0.9775 -6136
0.9825 -6184
0.97375 -6080
0.9775 -6160
0.9775 -6144
0.9825 -6176
0.97 -6056
0.9825 -6192
0.9875 -6248
0.96875 -6056
0.97375 -6128
0.97375 -6136
0.97875 -6160
0.98 -6176
0.965 -6048
0.98125 -6184
0.9725 -6088
0.96625 -6040
0.985 -6208
0.98 -6168
0.9675 -6048
0.97875 -6144
0.97125 -6056
0.97875 -6168
0.98 -6184
0.97 -6072
0.96125 -5992
0.96875 -6048
0.97 -6080
0.98125 -6176
0.975 -6120
0.9775 -6120
0.985 -6208
0.975 -6112
0.97375 -6120
0.98 -6152
0.99125 -6288
0.98 -6160
0.97625 -6128
0.97875 -6144
0.9825 -6184
0.97375 -6088
0.97625 -6144
0.9725 -6080
0.96375 -6024
0.9675 -6048
0.97875 -6144
0.985 -6208
0.9775 -6128
0.98375 -6208
0.99125 -6288
0.98125 -6176
0.975 -6112
0.98125 -6192
0.96875 -6056
0.97625 -6128
0.9725 -6096
0.96875 -6040
0.98875 -6256
0.96125 -5936
0.9725 -6104
0.97375 -6144
0.9775 -6120
0.95875 -6016
0.97625 -6152
0.96875 -6072
0.975 -6128
0.98125 -6160
0.98 -6168
0.96875 -6040
0.96125 -6008
0.9725 -6112
0.985 -6232
0.9725 -6088
0.9625 -6008
0.97 -6080
0.97625 -6144
0.97 -6048
0.97 -6056
0.97125 -6112
0.98125 -6208
0.965 -6048
0.96875 -6048
0.975 -6104
0.96625 -6000
0.9775 -6144
0.97625 -6136
0.96 -5960
0.98 -6168
0.97375 -6072
0.965 -6008
0.97125 -6120
0.98 -6200
0.975 -6120
0.9875 -6240
0.9775 -6136
0.97625 -6176
0.96625 -6064
0.97375 -6120
0.9625 -5984
0.9675 -6016
0.96875 -6104
0.9725 -6136
0.97125 -6088
0.97875 -6144
0.9675 -6040
0.97875 -6144
0.98125 -6176
0.97875 -6144
0.98375 -6208
0.965 -6040
0.9625 -5976
0.955 -5928
0.96625 -6024
0.96875 -6016
0.97125 -6072
0.975 -6120
0.97625 -6128
0.9725 -6096
0.9675 -6072
0.97625 -6136
0.96625 -6024
0.9775 -6152
0.99 -6280
0.98 -6176
0.98125 -6184
0.9725 -6088
0.9675 -6048
0.96375 -6040
0.97625 -6128
0.97875 -6192
0.96875 -6056
0.98375 -6200
0.97625 -6144
0.98125 -6176
0.97875 -6144
0.96125 -5944
0.94 -5896
0.96 -6064
0.95875 -5952
0.95875 -5984
0.9775 -6120
0.98 -6176
0.96875 -6056
0.9575 -5960
0.98 -6168
0.97 -6072
0.96 -6016
0.95625 -5976
0.9675 -6048
0.96875 -6064
0.9675 -6056
0.9675 -6080
0.96125 -5960
0.98375 -6200
0.97875 -6152
0.97875 -6144
0.9825 -6176
0.97875 -6168
0.9625 -5984
0.97125 -6080
0.98375 -6200
0.9675 -6016
0.98125 -6176
0.98 -6176
0.97875 -6192
0.98875 -6256
0.9725 -6088
0.9675 -6024
0.97125 -6096
0.97875 -6144
0.97 -6080
0.9725 -6080
0.97 -6064
0.97625 -6144
0.9775 -6128
0.96125 -5968
0.9725 -6088
0.98125 -6184
0.98625 -6232
0.97625 -6112
0.9775 -6136
0.97375 -6096
0.975 -6096
0.9775 -6152
0.975 -6128
0.97375 -6120
0.97125 -6064
0.97125 -6088
0.97375 -6152
0.98125 -6200
0.97125 -6080
0.9775 -6144
0.975 -6136
0.975 -6128
0.97625 -6120
0.97625 -6152
0.97125 -6080
0.98375 -6216
0.97375 -6096
0.97375 -6096
0.97125 -6104
0.98125 -6208
0.985 -6216
0.9575 -5944
0.965 -6032
0.9575 -6024
0.975 -6120
0.96875 -6040
0.97 -6072
0.97875 -6160
0.97375 -6136
0.9675 -6064
0.96625 -6008
0.97625 -6144
0.9675 -6056
0.97375 -6104
0.96125 -6008
0.98875 -6264
0.97375 -6128
0.97625 -6144
0.985 -6208
0.975 -6120
0.97875 -6144
0.975 -6120
0.98375 -6192
0.96625 -6008
0.98625 -6224
0.97625 -6128
0.97375 -6136
0.96125 -6000
0.98 -6160
0.98125 -6184
0.985 -6224
0.9625 -6000
0.97625 -6144
0.97625 -6152
0.965 -6080
0.96625 -6048
0.965 -6032
0.97875 -6152
0.97625 -6136
0.9725 -6088
0.98 -6184
0.9775 -6160
0.9675 -6040
0.97875 -6160
0.96875 -6104
0.96875 -6040
0.985 -6216
0.98625 -6232
0.9725 -6080
0.97625 -6128
0.98375 -6216
0.9775 -6152
0.9725 -6096
0.98625 -6232
0.9625 -5984
0.98 -6168
0.97875 -6152
0.97625 -6096
0.97875 -6160
0.9725 -6136
0.97 -6040
0.97625 -6144
0.98 -6152
0.98 -6192
0.97625 -6120
0.98125 -6176
0.975 -6120
0.9775 -6152
0.97 -6088
0.9725 -6104
0.97875 -6144
0.96875 -6064
0.98 -6160
0.97375 -6120
0.95875 -5960
0.95625 -5880
0.96375 -6016
0.98125 -6184
0.98875 -6264
0.97375 -6120
0.975 -6120
0.95875 -5976
0.9675 -6032
0.9575 -5976
0.97125 -6096
0.9725 -6096
0.96875 -6088
0.9775 -6168
0.9725 -6096
0.98125 -6176
0.9725 -6080
0.9725 -6072
0.97 -6056
0.985 -6224
0.98 -6160
0.98 -6152
0.95875 -5960
0.97 -6080
0.97125 -6080
0.9825 -6208
0.97375 -6120
0.97625 -6128
0.96375 -6000
0.98 -6160
0.9825 -6176
0.97375 -6104
0.965 -6008
0.9675 -6056
0.95375 -5952
0.98125 -6160
0.9775 -6120
0.9825 -6192
0.97125 -6064
0.98125 -6208
0.97125 -6072
0.96625 -6008
0.98125 -6176
0.97125 -6080
0.97375 -6088
0.9825 -6184
0.96875 -6048
0.975 -6096
0.97625 -6128
0.97125 -6072
0.96375 -6032
0.9675 -6024
0.97625 -6136
0.98 -6160
0.98125 -6200
0.97375 -6088
0.9775 -6128
0.97375 -6120
0.96625 -6056
0.965 -6032
0.9675 -6048
0.97375 -6112
0.98 -6168
0.97625 -6136
0.95875 -5920
0.9775 -6136
0.97 -6048
0.9725 -6072
0.97375 -6088
0.985 -6208
0.98375 -6208
0.97125 -6088
0.97 -6040
0.96125 -5984
0.9775 -6144
0.9775 -6136
0.985 -6224
0.9825 -6176
0.9675 -6032
0.96875 -6040
0.9675 -6056
0.95 -5968
0.965 -6016
0.97 -6048
0.97125 -6088
0.96625 -6032
0.97875 -6168
0.98125 -6160
0.97125 -6064
0.97125 -6056
0.97625 -6112
0.96875 -6040
0.9825 -6200
0.98625 -6224
0.96625 -6088
0.98 -6168
0.96375 -6048
0.97125 -6088
0.9675 -6016
0.97 -6080
0.975 -6104
0.97375 -6096
0.97875 -6152
0.97375 -6104
0.95375 -5952
0.97125 -6112
0.98625 -6224
0.9825 -6216
0.98125 -6184
0.95875 -5952
0.9775 -6176
0.965 -6000
0.97625 -6168
0.97875 -6152
0.97875 -6192
0.975 -6152
0.9625 -5992
0.96625 -6008
0.9675 -6048
0.97 -6064
0.97875 -6168
0.96625 -6040
0.975 -6112
0.96 -6008
0.96875 -6064
0.97625 -6120
0.97 -6040
0.96125 -5984
0.975 -6128
0.96625 -6096
0.95625 -5992
0.95875 -5960
0.96375 -5984
0.97875 -6152
0.97125 -6064
0.9675 -6040
0.96375 -5992
0.97875 -6168
0.96875 -6056
0.9925 -6312
0.9775 -6152
0.975 -6128
0.96875 -6048
0.9725 -6112
0.97 -6056
0.97375 -6104
0.98125 -6168
0.9825 -6184
0.9575 -5960
0.9675 -6016
0.96875 -6040
0.97125 -6072
0.975 -6112
0.9725 -6072
0.9875 -6240
0.97125 -6048
0.97625 -6112
0.98 -6168
0.985 -6208
0.98 -6144
0.96875 -6056
0.97875 -6144
0.98625 -6240
0.98 -6160
0.95375 -5928
0.97 -6040
0.975 -6104
0.98 -6176
0.97625 -6120
0.975 -6096
0.9825 -6184
0.9675 -6064
0.97375 -6104
0.97875 -6144
0.97375 -6112
0.9675 -6016
0.9725 -6128
0.9775 -6160
0.97625 -6120
0.97375 -6128
0.9725 -6112
0.97875 -6144
0.98 -6168
0.965 -5984
0.965 -6016
0.97625 -6120
0.98625 -6248
0.98375 -6216
0.985 -6232
0.9625 -6040
0.96125 -6000
0.96625 -6088
0.97125 -6104
0.96875 -6088
0.975 -6128
0.97125 -6072
0.96375 -6008
0.98375 -6208
0.97625 -6152
0.96125 -6000
0.97 -6064
0.96375 -6040
0.98625 -6248
0.97375 -6096
0.97375 -6088
0.9775 -6168
0.97 -6064
0.98625 -6232
0.9825 -6176
0.98 -6168
0.98125 -6168
0.97875 -6136
0.95625 -5912
0.96 -5992
0.97625 -6136
0.9825 -6176
0.97 -6072
0.965 -6000
0.97 -6080
0.97125 -6120
0.98 -6192
0.96375 -5984
0.985 -6224
0.9725 -6096
0.98 -6192
0.975 -6104
0.975 -6112
0.9725 -6064
0.9825 -6200
0.985 -6224
0.98 -6152
0.97125 -6064
0.975 -6120
0.9825 -6192
0.98125 -6160
0.98625 -6224
0.97 -6088
0.9825 -6216
0.97375 -6128
0.96875 -6064
0.97875 -6168
0.9825 -6184
0.9775 -6168
0.975 -6112
0.97 -6056
0.955 -5952
0.9625 -5984
0.9775 -6144
0.96875 -6040
0.98 -6168
0.96375 -5952
0.96625 -6048
0.97125 -6088
0.97625 -6152
0.9675 -6032
0.97625 -6120
0.96875 -6040
0.965 -6016
0.975 -6088
0.97875 -6144
0.9775 -6144
0.97125 -6120
0.98 -6176
0.98125 -6184
0.9675 -6032
0.9725 -6088
0.97 -6088
0.9775 -6144
0.97375 -6088
0.9775 -6120
0.9875 -6240
0.965 -6040
0.9775 -6136
0.9925 -6304
0.97625 -6136
0.97625 -6136
0.97 -6080
0.97375 -6136
0.985 -6216
0.97875 -6152
0.985 -6216
0.97375 -6080
0.9775 -6160
0.97125 -6080
0.9775 -6128
0.9725 -6104
0.985 -6224
0.9825 -6192
0.965 -6032
0.98 -6184
0.97875 -6176
0.9775 -6128
0.9875 -6240
0.97875 -6176
0.9625 -6008
0.975 -6104
0.97125 -6136
0.9825 -6192
0.97375 -6080
0.95875 -5968
0.96625 -5976
0.97625 -6128
0.975 -6096
0.9825 -6184
0.98 -6168
0.97125 -6080
0.97875 -6168
0.98 -6168
0.97625 -6104
0.98875 -6264
0.97375 -6120
0.97125 -6072
0.9875 -6256
0.9725 -6088
0.96125 -6000
0.96 -6048
0.97125 -6072
0.97375 -6120
0.955 -6008
0.96375 -6008
0.975 -6112
0.9825 -6184
0.95875 -5944
0.955 -5976
0.9825 -6216
0.965 -6032
0.95375 -5920
0.98 -6160
0.97125 -6064
0.975 -6152
0.9725 -6088
0.9825 -6192
0.9825 -6192
0.985 -6208
0.97625 -6120
0.96875 -6040
0.98375 -6208
0.98625 -6224
0.965 -6008
0.96875 -6032
0.97625 -6128
0.98 -6168
0.97625 -6128
0.99 -6280
0.98375 -6232
0.97125 -6064
0.97625 -6112
0.975 -6104
0.97 -6064
0.9775 -6136
0.97125 -6048
0.9725 -6096
0.9725 -6112
0.97375 -6104
0.98 -6152
0.97 -6072
0.975 -6120
0.96125 -5944
0.965 -6016
0.97125 -6088
0.96875 -6040
0.97875 -6128
0.97625 -6112
0.97125 -6096
0.97875 -6136
0.975 -6088
0.98625 -6224
0.9775 -6128
0.97125 -6056
0.975 -6104
0.9775 -6160
0.9775 -6128
0.9675 -6032
0.97375 -6088
0.96875 -6032
0.9825 -6192
0.98375 -6224
0.98875 -6256
0.97625 -6128
0.97875 -6136
0.97875 -6144
0.97375 -6112
0.96625 -6032
0.98125 -6160
0.98 -6176
0.9825 -6216
0.97375 -6104
0.96875 -6056
0.965 -6016
0.98125 -6176
0.96875 -6040
0.96 -5992
0.9675 -6112
0.96375 -6008
0.97125 -6056
0.98375 -6216
0.96 -5960
0.965 -6024
0.975 -6128
0.9675 -6016
0.95875 -5968
0.9725 -6104
0.9825 -6208
0.96375 -6024
0.96875 -6096
0.9725 -6136
0.9775 -6160
0.9725 -6096
0.9725 -6120
0.98625 -6232
0.9825 -6176
0.97125 -6064
0.97375 -6088
0.975 -6120
0.95625 -5968
0.97375 -6088
0.9525 -5960
0.96125 -5992
0.97125 -6080
0.9675 -6088
0.97125 -6120
0.975 -6104
0.9725 -6112
0.97625 -6104
0.98 -6168
0.96375 -5976
0.97625 -6128
0.9775 -6168
0.98625 -6240
0.98125 -6176
0.97125 -6088
0.98 -6160
0.98 -6152
0.9775 -6152
0.9625 -6008
0.97 -6056
0.96125 -5968
0.975 -6104
0.97375 -6112
0.98125 -6160
0.97125 -6080
0.97 -6048
0.96625 -6024
0.98375 -6192
0.985 -6208
0.98125 -6192
0.9675 -6056
0.97 -6088
0.96875 -6048
0.95375 -5920
0.975 -6120
0.97 -6064
0.965 -6024
0.9675 -6040
0.965 -6008
0.97625 -6152
0.975 -6120
0.9675 -6016
0.9625 -5976
0.97 -6040
0.97875 -6160
0.97125 -6080
0.97 -6064
0.96875 -6040
0.96125 -5976
0.9725 -6088
0.97625 -6136
0.975 -6112
0.97875 -6160
0.97625 -6128
0.97 -6072
0.97625 -6120
0.96375 -5984
0.9675 -6048
0.97875 -6144
0.9575 -5896
0.96875 -6024
0.97375 -6080
0.96625 -6032
0.96875 -6024
0.98 -6160
0.98375 -6208
0.9725 -6112
0.97625 -6136
0.97125 -6120
0.985 -6232
0.98375 -6200
0.9625 -6056
0.9775 -6144
0.985 -6240
0.9825 -6192
0.98625 -6224
0.9675 -6032
0.96875 -6056
0.9825 -6200
0.98 -6200
0.97375 -6128
0.97875 -6160
0.96 -6048
0.94375 -5928
0.97875 -6176
0.97375 -6120
0.965 -6032
0.98 -6168
0.9725 -6080
0.97375 -6080
0.98 -6160
0.9825 -6200
0.98125 -6184
0.9875 -6264
0.98125 -6168
0.98125 -6176
0.9675 -6000
0.975 -6120
0.97625 -6136
0.98125 -6184
0.97125 -6072
0.97625 -6152
0.96625 -6032
0.97875 -6144
0.9775 -6136
0.97375 -6096
0.96 -5992
0.97625 -6144
0.9775 -6152
0.98375 -6208
0.97875 -6152
0.98125 -6184
0.96625 -6072
0.96875 -6032
0.97375 -6104
0.97125 -6072
0.9775 -6152
0.9875 -6256
0.9775 -6168
0.975 -6088
0.975 -6144
0.98375 -6216
0.98125 -6176
0.97625 -6152
0.9775 -6136
0.98125 -6184
0.97875 -6144
0.975 -6096
0.9825 -6200
0.97 -6048
0.98375 -6224
0.96625 -6048
0.9675 -6064
0.96875 -6048
0.96625 -6032
0.9725 -6088
0.98375 -6208
0.97625 -6176
0.975 -6128
0.98375 -6224
0.97625 -6160
0.975 -6160
0.95625 -5952
0.96375 -6080
0.9575 -5968
0.97125 -6088
0.9725 -6128
0.97125 -6160
0.98 -6200
0.98375 -6232
0.97875 -6136
0.9825 -6192
0.97125 -6088
0.98 -6152
0.97 -6064
0.98 -6192
0.97 -6056
0.97375 -6088
0.97 -6048
0.96 -5952
0.98375 -6208
0.97875 -6152
0.965 -6016
0.965 -6008
0.98 -6152
0.98 -6168
0.98125 -6176
0.9825 -6200
0.97375 -6080
0.97125 -6072
0.96375 -6024
0.9675 -6032
0.96875 -6032
0.985 -6232
0.97625 -6120
0.98 -6152
0.98 -6160
0.98125 -6184
0.97125 -6048
0.9675 -6040
0.975 -6136
0.97125 -6080
0.98875 -6256
0.9775 -6168
0.96125 -5984
0.9775 -6152
0.97375 -6088
0.97625 -6128
0.98 -6168
0.9875 -6248
0.98125 -6200
0.9825 -6184
0.96625 -6064
0.95125 -5904
0.96875 -6080
0.96375 -5992
0.9725 -6088
0.9725 -6088
0.9675 -6032
0.97875 -6152
0.965 -5984
0.9725 -6072
0.9525 -5936
0.97375 -6112
0.98 -6168
0.9825 -6184
0.98375 -6216
0.975 -6104
0.96625 -6024
0.9575 -5920
0.97875 -6144
0.98375 -6200
0.9725 -6072
0.95875 -5968
0.97375 -6104
0.97625 -6136
0.9475 -5888
0.96375 -6000
0.965 -6048
0.95375 -5976
0.9625 -6080
0.9725 -6096
0.97875 -6136
0.97 -6080
0.98125 -6176
0.9775 -6128
0.98875 -6256
0.9675 -6032
0.965 -6016
0.975 -6112
0.97625 -6136
0.97875 -6136
0.98375 -6208
0.98 -6152
0.96875 -6048
0.97875 -6152
0.98625 -6240
0.98 -6192
0.97125 -6152
0.98 -6160
0.98375 -6216
0.9625 -6008
0.9775 -6144
0.9675 -6064
0.9725 -6088
0.97625 -6136
0.96625 -6032
0.97375 -6088
0.97125 -6072
0.96125 -6016
0.97875 -6152
0.97375 -6104
0.98 -6152
0.975 -6104
0.9725 -6080
0.985 -6216
0.97625 -6128
0.98 -6160
0.985 -6208
0.9675 -6048
0.9725 -6088
0.97 -6032
0.98625 -6224
0.9775 -6120
0.9875 -6248
0.98125 -6192
0.98625 -6240
0.98625 -6240
0.9825 -6184
0.96875 -6032
0.9775 -6136
0.975 -6104
0.98125 -6184
0.9825 -6184
0.96875 -6056
0.9825 -6192
0.97 -6056
0.97 -6112
0.97875 -6144
0.98 -6168
0.985 -6224
0.97875 -6152
0.97125 -6040
0.97375 -6104
0.9775 -6136
0.97625 -6136
0.97 -6088
0.96875 -6032
0.9675 -6024
0.97875 -6152
0.975 -6128
0.97375 -6096
0.98125 -6176
0.9625 -6008
0.965 -6000
0.9775 -6152
0.98625 -6232
0.97875 -6152
0.98 -6176
0.98125 -6200
0.9825 -6192
0.97125 -6088
0.98 -6168
0.97875 -6176
0.98375 -6208
0.9725 -6104
0.9725 -6096
0.9825 -6192
0.9825 -6216
0.96625 -6064
0.955 -5984
0.96125 -6056
0.97625 -6152
0.965 -6016
0.97625 -6136
0.9725 -6096
0.975 -6128
0.96375 -5992
0.98375 -6248
0.9725 -6096
0.95375 -5928
0.9675 -6096
0.97625 -6120
0.97375 -6120
0.96875 -6056
0.98 -6184
0.97125 -6112
0.965 -6024
0.98375 -6200
0.9675 -6056
0.96625 -6024
0.97625 -6128
0.96625 -6064
0.9675 -6080
0.98 -6160
0.9775 -6136
0.96625 -6016
0.9675 -6024
0.97375 -6128
0.97 -6112
0.98 -6152
0.9825 -6192
0.975 -6096
0.98125 -6176
0.9725 -6088
0.97 -6064
0.975 -6088
0.9675 -6064
0.98375 -6200
0.97875 -6160
0.96875 -6072
0.9775 -6120
0.9775 -6120
0.9825 -6192
0.98375 -6208
0.97375 -6112
0.975 -6120
0.96875 -6112
0.98375 -6208
0.97625 -6152
0.96625 -6024
0.965 -6008
0.975 -6104
0.97625 -6112
0.97375 -6096
0.975 -6096
0.98375 -6216
0.975 -6112
0.975 -6104
0.9675 -6072
0.97875 -6152
0.97375 -6096
0.9775 -6136
0.97875 -6152
0.97625 -6120
0.9875 -6256
0.9775 -6120
0.97 -6032
0.97125 -6104
0.97 -6056
0.97625 -6112
0.975 -6144
0.97125 -6104
0.97 -6088
0.97 -6040
0.96375 -6048
0.975 -6120
0.98375 -6224
0.96875 -6048
0.97375 -6104
0.97625 -6128
0.9775 -6168
0.97125 -6096
0.975 -6112
0.9675 -6096
0.97 -6144
0.97 -6096
0.96625 -6032
0.965 -6040
0.97625 -6136
0.97625 -6136
0.98125 -6184
0.95625 -5912
0.95625 -5960
0.97125 -6064
0.97875 -6144
0.9675 -6104
0.97 -6048
0.98 -6160
0.97375 -6104
0.965 -6016
0.9675 -6040
0.9675 -6024
0.98125 -6168
0.9725 -6096
0.97625 -6136
0.98125 -6160
0.97625 -6120
0.9725 -6096
0.9675 -6032
0.975 -6128
0.96125 -5968
0.98 -6176
0.97125 -6088
0.97875 -6160
0.96625 -6048
0.97375 -6112
0.9775 -6160
0.97 -6056
0.9775 -6152
0.97625 -6128
0.99 -6280
0.98 -6184
0.98 -6176
0.9675 -6104
0.97625 -6120
0.96125 -6000
0.96875 -6072
0.97 -6088
0.97625 -6120
0.96125 -6008
0.97 -6064
0.97875 -6136
0.9825 -6200
0.96875 -6056
0.975 -6096
0.97125 -6080
0.9775 -6144
0.97625 -6128
0.97625 -6136
0.98 -6160
0.96375 -5968
0.96875 -6048
0.965 -6016
0.98375 -6224
0.97875 -6168
0.97875 -6160
0.97125 -6048
0.98125 -6192
0.98375 -6200
0.96875 -6064
0.97875 -6184
0.9675 -6040
0.98125 -6176
0.97375 -6096
0.97125 -6104
0.96 -5968
0.97125 -6056
0.96875 -6064
0.9625 -5960
0.97875 -6144
0.9675 -6024
0.98 -6160
0.98875 -6264
0.98125 -6160
0.9725 -6064
0.96875 -6056
0.985 -6216
0.97 -6120
0.96 -6048
0.96625 -6032
0.98125 -6168
0.98375 -6192
0.9675 -6080
0.9675 -6072
0.97875 -6176
0.97375 -6104
0.97 -6056
0.97 -6088
0.975 -6160
0.975 -6112
0.97375 -6112
0.9775 -6152
0.9775 -6128
0.9775 -6128
0.9825 -6192
0.97375 -6128
0.97125 -6072
0.98 -6176
0.98375 -6200
0.97125 -6104
0.9725 -6080
0.95625 -5992
0.96375 -5984
0.96875 -6056
0.975 -6112
0.97 -6080
0.98375 -6208
0.96625 -6056
0.97125 -6120
0.97375 -6104
0.98375 -6224
0.98375 -6200
0.97625 -6128
0.9725 -6088
0.9625 -6016
0.975 -6120
0.97625 -6152
0.97375 -6096
0.98375 -6208
0.97 -6048
0.9725 -6112
0.9625 -5992
0.96875 -6040
0.97125 -6088
0.95 -5952
0.96625 -6072
0.96875 -6056
0.97375 -6096
0.97625 -6136
0.97875 -6144
0.975 -6104
0.95375 -5888
0.96375 -6024
0.975 -6168
0.9675 -6072
0.97625 -6120
0.97125 -6072
0.985 -6248
0.98375 -6192
0.95 -5880
0.9825 -6192
0.965 -6016
0.975 -6120
0.98 -6176
0.9725 -6120
0.98875 -6256
0.9825 -6200
0.9775 -6152
0.9775 -6144
0.98125 -6176
0.96625 -6000
0.96875 -6040
0.9725 -6056
0.98 -6144
0.9775 -6176
0.98 -6152
0.97625 -6112
0.9775 -6136
0.9825 -6192
0.9725 -6104
0.975 -6128
0.965 -6088
0.97625 -6152
0.9725 -6080
0.97375 -6104
0.96875 -6088
0.9775 -6136
0.98125 -6208
0.98625 -6224
0.98375 -6208
0.9875 -6248
0.98625 -6224
0.9775 -6152
0.975 -6136
0.9725 -6120
0.98125 -6208
0.97625 -6136
0.98375 -6200
0.9875 -6240
0.9825 -6216
0.98375 -6208
0.9775 -6144
0.97875 -6160
0.98625 -6248
0.98125 -6184
0.98375 -6208
0.98375 -6224
0.98375 -6192
0.985 -6232
0.9775 -6152
0.98375 -6216
0.9825 -6200
0.97625 -6136
0.975 -6112
0.965 -6048
0.97375 -6128
0.97375 -6104
0.9725 -6080
0.975 -6152
0.9625 -6032
0.96125 -6024
0.95875 -5976
0.97875 -6128
0.98 -6160
0.965 -5992
0.9725 -6088
0.9775 -6128
0.97375 -6104
0.9775 -6128
0.97625 -6128
0.97 -6048
0.975 -6136
0.96375 -5976
0.9775 -6160
0.97375 -6096
0.98125 -6168
0.97375 -6088
0.97375 -6144
0.9775 -6160
0.97875 -6176
0.9625 -5952
0.9825 -6200
0.96875 -6064
0.98375 -6208
0.9675 -6112
0.9725 -6096
0.9775 -6200
0.97625 -6128
0.96875 -6056
0.97 -6088
0.965 -6008
0.96125 -5968
0.9675 -6024
0.97625 -6112
0.97625 -6120
0.98 -6184
0.95875 -6008
0.96125 -6056
0.97125 -6080
0.98875 -6256
0.965 -5976
0.97125 -6072
0.9725 -6096
0.9775 -6168
0.96875 -6088
0.9825 -6184
0.96625 -6008
0.96125 -5976
0.96625 -6056
0.98625 -6240
0.9775 -6152
0.975 -6120
0.96875 -6056
0.9725 -6152
0.965 -6032
0.97875 -6152
0.9825 -6176
0.97875 -6160
0.97375 -6104
0.975 -6128
0.97125 -6112
0.97375 -6120
0.97375 -6120
0.99 -6288
0.98 -6184
0.97375 -6104
0.975 -6096
0.9825 -6200
0.98 -6160
0.97625 -6104
0.9725 -6112
0.97 -6064
0.97625 -6112
0.97125 -6064
0.97375 -6096
0.97375 -6112
0.98 -6152
0.98125 -6184
0.98375 -6216
0.97875 -6144
0.98625 -6224
0.985 -6208
0.98125 -6184
0.9725 -6096
0.96625 -6048
0.9725 -6088
0.98125 -6160
0.9725 -6064
0.97 -6072
0.97125 -6072
0.97125 -6064
0.96875 -6056
0.985 -6224
0.97625 -6128
0.9675 -6056
0.97125 -6072
0.96875 -6056
0.97375 -6080
0.98 -6152
0.97125 -6104
0.97 -6088
0.965 -6064
0.96625 -6088
0.96375 -6072
0.9825 -6224
0.9725 -6128
0.97 -6064
0.965 -6032
0.97 -6072
0.975 -6136
0.9775 -6160
0.9675 -6056
0.96375 -6032
0.975 -6144
0.9775 -6144
0.96375 -5984
0.9775 -6152
0.97 -6072
0.97875 -6152
0.97125 -6080
0.97875 -6136
0.9675 -6016
0.97125 -6064
0.9775 -6128
0.97375 -6096
0.9775 -6160
0.97125 -6040
0.96625 -6008
0.97375 -6080
0.97875 -6144
0.97875 -6144
0.97625 -6136
0.9725 -6088
0.96625 -6024
0.98375 -6208
0.98 -6160
0.97 -6080
0.98 -6152
0.9875 -6248
0.98125 -6184
0.985 -6216
0.99125 -6320
0.97125 -6080
0.97 -6096
0.975 -6120
0.96125 -5992
0.96375 -6048
0.97375 -6088
0.96875 -6032
0.96 -5960
0.9725 -6088
0.9775 -6144
0.97 -6048
0.97 -6104
0.9725 -6088
0.9775 -6136
0.985 -6208
0.9775 -6128
0.98125 -6184
0.96625 -6056
0.97875 -6168
0.95625 -5936
0.98125 -6184
0.98125 -6176
0.96875 -6048
0.975 -6104
0.9725 -6064
0.98 -6160
0.97625 -6136
0.96875 -6056
0.9775 -6144
0.96875 -6088
0.9675 -6048
0.9775 -6144
0.9725 -6088
0.97125 -6080
0.96875 -6040
0.96625 -6016
0.97625 -6120
0.98125 -6176
0.9875 -6264
0.98125 -6184
0.97375 -6128
0.97875 -6176
0.975 -6128
0.98375 -6216
0.9825 -6184
0.98 -6184
0.98125 -6176
0.97375 -6112
0.97375 -6088
0.9675 -6064
0.9775 -6168
0.97625 -6152
0.9775 -6160
0.98375 -6216
0.97875 -6160
0.98 -6160
0.96875 -6064
0.98 -6152
0.96625 -6032
0.97375 -6104
0.95625 -6000
0.97375 -6136
0.9825 -6192
0.96625 -6016
0.97875 -6160
0.97625 -6112
0.97125 -6072
0.9675 -6000
0.98 -6152
0.98 -6200
0.97625 -6152
0.97625 -6128
0.9875 -6256
0.98625 -6232
0.96375 -6024
0.96125 -6016
0.955 -5928
0.97375 -6080
0.97375 -6112
0.9725 -6144
0.9775 -6120
0.97375 -6120
0.97125 -6112
0.96 -5992
0.98 -6168
0.9675 -6064
0.96875 -6040
0.98125 -6184
0.96875 -6032
0.97375 -6112
0.97375 -6088
0.97375 -6096
0.9825 -6200
0.97875 -6184
0.97875 -6152
0.9775 -6128
0.97875 -6128
0.99125 -6296
0.975 -6104
0.975 -6120
0.9775 -6120
0.9775 -6168
0.97625 -6144
0.975 -6112
0.98 -6176
0.96875 -6064
