5 1355.66 0
4.54545 2983.64 0
4.16667 1436.87 0
3.84615 929.79 0
3.57143 664.233 0
3.33333 466.074 0
3.125 379.839 0
2.94118 277.541 -0.000250063
2.77778 216.385 -0.00175044
2.63158 177.15 -0.0190048
2.5 136.491 -0.0517629
2.38095 95.6635 -0.125031
2.27273 84.775 -0.223806
2.17391 60.6651 -0.341085
2.08333 49.649 -0.472368
2 36.7875 -0.576644
1.92308 29.1731 -0.665166
1.85185 20.7871 -0.762191
1.78571 16.2664 -0.815704
1.72414 14.6672 -0.854214
1.66667 10.2334 -0.899725
1.6129 8.64397 -0.922981
1.5625 6.50584 -0.945236
1.51515 4.34616 -0.962741
1.47059 4.47408 -0.962241
1.42857 2.76236 -0.978245
1.38889 1.96128 -0.984996
1.35135 1.49116 -0.989247
1.31579 1.13736 -0.992248
1.28205 1.12128 -0.992748
1.25 0.612248 -0.996249
1.21951 1.02686 -0.993998
1.19048 0.360635 -0.997999
1.16279 0.283651 -0.9985
1.13636 0.24756 -0.99875
1.11111 0.207204 -0.999
1.08696 0.216516 -0.999
1.06383 0.113073 -0.9995
1.04167 0 -1
1.02041 0 -1
1 0 -1
0.980392 0 -1
0.961538 0 -1
0.943396 0 -1
0.925926 0.223837 -0.99925
0.909091 0 -1
0.892857 0 -1
0.877193 0 -1
0.862069 0 -1
0.847458 0 -1
0.833333 0 -1
0.819672 0 -1
0.806452 0 -1
0.793651 0 -1
0.78125 0 -1
0.769231 0 -1
0.757576 0 -1
0.746269 0 -1
0.735294 0 -1
0.724638 0 -1
0.714286 0 -1
0.704225 0 -1
0.694444 0 -1
0.684932 0 -1
0.675676 0 -1
0.666667 0 -1
0.657895 0 -1
0.649351 0 -1
0.641026 0 -1
0.632911 0 -1
0.625 0 -1
0.617284 0 -1
0.609756 0 -1
0.60241 0 -1
0.595238 0 -1
0.588235 0 -1
0.581395 0 -1
0.574713 0 -1
0.568182 0 -1
0.561798 0 -1
0.555556 0 -1
0.549451 0 -1
0.543478 0 -1
0.537634 0 -1
0.531915 0 -1
0.526316 0 -1
0.520833 0 -1
0.515464 0 -1
0.510204 0 -1
0.505051 0 -1
