0 4
0 6
-8 8
0 6
0 4
0 6
0 8
0 6
0 8
0 10
-8 8
-8 6
0 4
0 6
-8 8
-8 10
0 8
0 6
0 8
0 6
0 8
0 10
0 8
0 6
-8 8
-8 6
0 8
0 10
0 8
0 10
-8 12
0 14
0 16
-8 18
-8 20
0 18
-8 16
0 18
0 20
-8 22
0 24
0 26
0 28
0 30
0 28
0 26
-8 28
0 30
0 32
0 30
0 28
0 26
0 28
-8 30
0 28
-8 26
0 28
-8 30
-8 28
0 30
0 32
0 30
0 28
0 30
0 32
0 30
-8 32
-8 34
0 36
0 38
-8 40
0 42
0 44
0 42
0 44
0 46
-8 48
0 46
0 44
0 46
0 48
0 46
-8 48
0 50
0 48
0 46
0 44
0 46
0 48
0 50
0 52
0 54
0 56
0 58
0 56
0 54
-8 56
0 58
0 60
0 58
0 56
0 58
0 60
0 58
0 56
0 58
-8 60
0 62
-8 60
0 62
-8 64
0 66
0 64
0 66
0 68
0 66
0 64
0 62
0 60
0 58
0 56
0 58
0 60
0 58
0 56
0 54
0 52
-8 54
0 56
0 58
0 56
0 54
0 56
-8 58
0 60
0 62
0 60
0 58
0 56
-8 58
0 60
0 58
0 60
-8 58
0 56
0 54
0 52
0 54
0 52
0 54
-8 56
0 54
-8 52
0 54
0 52
0 50
0 52
0 50
0 48
0 46
0 48
0 50
0 52
0 54
0 56
0 58
0 60
0 58
0 56
0 54
0 52
0 50
0 48
0 50
0 52
0 54
0 56
-8 58
0 60
0 62
0 60
0 62
0 64
0 62
0 60
0 62
0 64
0 66
0 68
-8 70
0 68
0 66
0 68
0 66
-8 68
0 66
0 64
0 62
0 60
0 62
0 60
0 62
0 60
0 62
0 64
0 62
0 60
0 62
0 60
0 58
0 60
0 58
0 56
0 54
0 56
0 58
0 60
0 62
0 64
0 62
0 60
0 62
0 60
0 62
0 64
0 62
0 64
0 66
0 64
0 66
0 64
0 66
0 64
0 62
0 60
0 58
0 60
-8 62
0 60
0 58
0 56
0 54
0 56
0 54
0 56
0 54
0 56
0 54
0 56
0 58
0 56
0 54
0 56
0 58
0 56
0 54
0 56
0 54
0 52
0 54
0 52
0 50
0 52
0 54
0 52
0 50
0 48
0 50
0 48
0 50
0 48
0 50
0 52
0 54
0 52
0 50
0 48
0 46
0 44
0 46
0 44
0 42
0 44
0 42
0 40
0 38
0 36
0 38
0 40
0 42
0 44
0 46
0 44
0 42
0 44
0 42
-8 44
0 42
0 40
0 42
0 40
0 38
0 40
0 38
-8 40
0 38
0 36
0 34
0 32
0 34
0 36
0 38
0 40
0 38
0 40
0 38
0 40
0 38
0 36
0 38
0 40
0 42
0 40
0 42
0 44
0 42
0 40
0 42
0 44
0 42
0 40
0 42
0 40
0 38
0 36
0 34
0 32
0 30
0 32
0 30
0 28
0 30
0 28
0 30
0 32
0 30
0 32
0 30
0 28
0 30
0 28
0 30
0 32
0 30
0 28
0 30
0 28
0 26
-8 28
0 30
0 28
0 30
0 28
0 26
0 28
0 26
0 24
0 22
0 24
0 22
0 24
0 22
0 24
0 26
0 28
0 26
0 24
0 22
0 20
0 18
0 16
0 18
0 20
0 22
0 20
0 22
0 24
0 26
0 28
0 26
0 24
0 22
-8 20
0 18
0 16
0 18
0 16
0 14
0 12
0 10
0 12
0 14
0 12
0 14
0 12
0 14
0 16
0 14
0 16
0 14
0 12
0 14
0 16
0 18
0 16
0 18
-8 20
0 18
0 20
0 22
0 20
0 18
0 20
0 18
0 20
0 22
0 24
0 26
0 24
0 22
0 24
0 26
0 28
0 26
0 24
0 26
0 24
0 22
0 24
0 26
0 28
0 30
0 28
0 26
0 28
0 26
0 28
0 30
0 28
0 30
0 32
0 34
0 36
0 34
0 36
0 38
0 36
0 34
0 32
0 34
0 36
0 38
-8 40
0 38
0 40
0 42
0 44
0 46
0 48
0 46
-8 44
0 42
0 40
0 38
0 40
0 42
0 44
0 42
0 40
0 42
0 44
0 46
0 44
-8 46
0 44
0 46
0 48
0 50
0 52
0 50
0 48
0 50
0 52
0 50
0 52
0 54
0 56
0 58
0 56
0 54
0 52
0 50
0 52
0 54
0 56
0 58
0 56
0 54
0 56
0 58
0 60
0 58
0 60
0 58
0 60
0 62
0 64
0 62
0 60
-8 58
0 60
0 58
0 60
0 58
0 60
0 62
0 64
0 66
0 64
0 62
0 64
0 62
-8 64
0 62
0 64
0 62
0 60
0 62
0 60
0 62
0 60
0 62
0 60
0 62
0 60
0 58
0 56
0 54
0 56
0 54
0 56
0 54
0 56
0 58
0 60
0 58
0 56
0 54
0 52
0 54
0 52
0 54
0 52
0 54
0 52
0 54
0 52
0 54
0 52
0 50
0 52
0 54
0 52
0 50
0 52
0 50
0 48
0 46
0 44
0 46
0 48
0 50
0 52
0 54
0 56
0 58
0 60
0 58
0 60
0 58
0 60
0 58
0 60
0 62
0 64
0 62
0 64
0 66
0 64
0 66
0 68
0 66
0 64
0 62
0 64
0 66
0 68
0 66
0 68
0 66
0 68
0 70
0 68
0 66
0 68
0 66
0 68
0 70
0 68
0 70
0 72
0 70
0 68
0 66
0 64
0 62
0 64
0 66
0 64
0 62
0 60
0 58
0 56
0 58
0 56
0 58
0 60
0 62
0 64
0 62
0 64
0 62
0 64
0 66
0 68
0 70
0 72
0 74
0 76
0 78
0 80
0 82
0 84
0 82
0 84
0 82
0 84
0 82
0 80
0 78
0 80
0 82
0 80
0 82
0 80
0 82
0 80
0 82
0 84
0 82
0 84
0 82
0 84
0 86
0 84
0 86
0 84
0 82
0 84
0 82
0 80
0 78
0 80
0 82
0 80
0 78
0 76
0 74
0 76
0 78
0 76
0 78
0 80
0 78
0 80
0 78
0 80
0 82
0 80
0 82
0 80
0 78
0 76
0 78
0 76
0 78
0 80
0 78
0 76
0 78
0 80
0 78
0 80
0 82
0 80
0 78
0 80
0 82
0 84
0 82
0 84
0 82
0 84
0 86
0 84
0 82
0 80
0 78
0 76
0 78
0 80
0 82
0 84
0 86
0 88
0 86
0 88
0 90
0 88
0 90
0 88
0 90
0 88
0 90
0 88
0 90
0 88
0 86
0 88
0 86
0 84
0 86
0 84
0 86
0 88
0 86
0 84
0 82
0 84
0 82
0 80
0 82
0 84
0 86
0 88
0 86
0 84
0 82
0 84
0 82
0 80
0 78
0 80
0 78
0 76
0 78
0 76
0 78
0 76
0 78
0 76
0 74
0 76
0 78
0 76
0 74
0 76
0 74
0 76
0 74
0 72
0 70
0 72
0 70
0 72
0 74
0 72
0 70
0 68
0 70
0 72
0 70
0 68
0 66
0 68
0 70
0 68
0 66
0 68
0 70
0 68
0 66
0 64
0 66
0 64
0 62
0 64
0 66
0 64
0 62
0 60
0 58
0 60
0 62
-8 64
0 66
0 64
0 66
0 68
0 66
0 68
0 70
0 72
0 74
0 76
0 78
0 80
0 82
0 80
0 82
0 84
0 86
0 84
0 86
0 84
0 82
0 84
0 82
0 80
0 78
0 80
0 78
0 76
0 74
0 72
0 74
0 76
0 74
0 72
0 74
0 76
0 74
0 72
0 70
0 68
0 70
0 68
0 70
0 68
0 70
0 68
0 70
0 68
0 70
0 68
0 70
0 68
0 66
0 64
0 66
0 68
0 70
0 68
0 66
0 68
0 70
0 68
0 70
0 68
0 70
0 72
0 70
0 72
0 74
0 72
0 74
0 72
0 70
0 68
0 70
0 68
0 70
0 68
0 70
0 72
0 74
0 76
0 78
0 76
0 74
-8 76
0 74
0 72
0 70
0 68
0 70
0 68
0 66
0 68
0 66
0 64
0 62
0 64
0 66
0 64
0 62
0 60
0 58
0 56
0 54
0 56
0 54
0 52
0 50
0 52
0 54
0 56
0 54
0 52
0 50
0 48
0 46
0 44
0 46
0 48
0 46
0 44
0 42
0 44
0 42
0 44
0 46
0 48
0 46
0 44
0 42
0 44
0 46
0 48
0 50
0 52
0 54
0 56
0 58
0 60
0 62
0 60
0 58
0 60
0 62
0 64
0 66
0 64
0 66
0 64
0 66
0 68
0 66
0 68
0 66
0 64
0 62
0 64
0 66
0 68
0 70
0 72
0 70
0 72
0 70
0 72
0 74
0 72
0 70
0 72
0 74
0 76
0 74
0 72
0 70
0 68
0 66
0 68
0 66
0 64
0 62
0 64
0 66
0 68
0 66
0 64
0 62
0 64
0 62
0 64
0 66
0 68
0 66
0 64
0 66
0 64
0 66
0 68
0 70
0 68
0 66
0 68
0 70
0 68
0 70
0 68
0 70
0 68
0 70
0 72
0 70
0 72
0 74
0 76
0 74
0 76
0 74
0 72
0 70
0 68
0 66
0 64
0 62
0 64
0 62
0 60
0 62
0 60
0 62
0 60
0 58
0 60
0 58
0 56
0 54
0 56
0 58
0 56
0 54
0 56
0 58
0 56
0 54
0 52
0 54
0 56
0 58
0 60
0 62
0 60
0 62
0 64
0 66
0 64
0 62
0 60
0 62
0 64
0 62
0 64
0 66
0 68
0 66
0 64
0 62
0 60
0 62
0 64
0 66
0 64
0 62
0 64
0 62
0 64
0 66
0 64
0 66
0 68
0 70
0 72
0 74
0 72
0 70
0 68
0 70
0 68
0 70
0 68
0 70
0 68
0 66
0 64
0 62
0 64
0 66
0 64
0 62
0 60
0 62
0 64
0 62
0 60
0 58
0 60
0 58
0 56
0 54
0 52
0 54
0 52
0 54
0 56
0 54
0 52
0 50
0 52
8 54
0 56
0 58
0 60
0 58
0 56
0 54
0 52
0 50
0 48
0 46
0 48
-8 46
0 44
0 42
0 44
0 46
0 44
0 46
0 48
0 50
0 48
0 50
0 48
0 46
0 48
0 46
0 48
0 46
0 44
0 46
0 44
0 46
0 44
0 46
0 44
0 42
0 44
0 42
0 44
0 42
0 40
0 38
0 36
0 38
0 40
0 38
0 40
0 42
0 40
0 42
0 44
0 42
0 44
0 46
0 44
0 42
0 40
0 42
0 44
0 42
0 40
0 38
0 40
0 42
0 40
0 42
0 40
0 38
0 40
0 42
0 44
0 46
0 44
0 46
0 48
0 46
0 48
0 46
0 48
0 50
0 52
0 54
8 56
0 58
0 60
0 62
0 64
0 66
0 68
0 66
0 68
0 70
0 72
0 74
0 72
0 70
0 72
0 70
0 68
0 70
0 72
0 70
0 72
0 74
0 76
0 78
0 80
0 78
0 80
0 78
0 80
-8 82
0 80
0 78
0 80
0 82
0 84
0 82
0 80
0 78
0 76
0 74
0 72
0 70
0 68
0 66
0 64
0 62
0 60
0 62
0 60
0 58
0 60
0 62
0 64
0 62
