0.208252
0.064411
0.357375
0.880128
0.37339
0.0266372
0.0183714
0.772411
0.245825
0.457385
0.157508
0.467527
0.223801
0.214098
0.306888
0.520282
0.116268
0.481428
0.484406
0.290573
0.788647
0.596836
0.475043
0.182543
0.304069
0.652955
0.817712
0.595115
0.0367712
0.629331
0.569645
0.663419
0.886911
0.591415
0.259625
0.498576
0.10965
0.880103
0.991699
0.585732
0.446841
0.391537
0.518011
0.0554192
0.719136
0.394884
0.10498
0.901105
0.078814
0.238937
0.283761
0.421348
0.206919
0.702536
0.530188
0.7826
0.484246
0.469786
0.130677
0.756693
0.405667
0.0345985
0.680581
0.876074
0.214835
0.0309938
0.134467
0.779936
0.308257
0.755605
0.70373
0.394683
0.892279
0.938628
0.42367
0.768787
0.831532
0.520758
0.0699871
0.200511
0.665709
0.977573
0.831848
0.0603471
0.945392
0.821107
0.235735
0.79787
0.97258
0.124672
0.676991
0.385048
0.0306413
0.84362
0.802511
0.760758
0.275647
0.763068
0.0801347
0.449372
0.955034
0.545831
0.0173692
0.730476
0.564068
0.390479
0.107709
0.153293
0.0211118
0.0635917
0.453993
0.591957
0.918797
0.548131
0.322013
0.404873
0.0823447
0.466212
0.924927
0.107787
0.944517
0.707362
0.211098
0.921397
0.712419
0.640601
0.0809887
0.963553
0.351417
0.605018
0.179364
0.0827587
0.537847
0.83768
0.610446
0.684908
0.464373
0.404361
0.670362
0.215012
0.303099
0.866541
0.323961
0.293809
0.391866
0.595867
0.267291
0.620548
0.238921
0.470663
0.6424
0.431541
0.431454
0.0784994
0.587063
0.085076
0.910198
0.763168
0.0202774
0.0425409
0.251815
0.533227
0.522347
0.0943513
0.122498
0.820977
0.578771
0.982859
0.722555
0.885411
0.85816
0.404083
0.307054
0.583813
0.880857
0.463821
0.0751468
0.185514
0.947991
0.817086
0.844429
0.0858767
0.725768
0.285832
0.153972
0.932817
0.0848815
0.880107
0.0546535
0.547157
0.933796
0.637834
0.500722
0.849032
0.492587
0.878633
0.277308
0.818407
0.50777
0.394988
0.723754
0.751697
0.86817
0.45528
0.411015
0.473168
0.149723
0.0427783
0.8241
0.144669
0.659252
0.329668
0.674113
0.121143
0.453858
0.135284
0.429346
0.748497
0.238529
0.624267
0.412558
0.064506
0.284789
0.17403
0.439675
0.996346
0.417233
0.896711
0.459755
0.848723
0.394902
0.57801
0.966748
0.889504
0.355153
0.7373
0.00135433
0.891173
0.898604
0.0736262
0.0755342
0.60177
0.439666
0.0995863
0.0875444
0.751093
0.784826
0.364839
0.0468086
0.3418
0.916154
0.219291
0.923703
0.891349
0.674622
0.451651
0.359662
0.0229124
0.389605
0.192434
0.507784
0.0746396
0.703707
0.396923
0.195422
0.0159931
0.522751
0.546665
0.518102
0.476343
0.596373
0.995424
0.680477
0.428092
0.486037
0.804465
0.273605
0.590041
0.977511
0.445661
0.308116
0.321973
0.332366
0.966426
0.210328
0.305563
0.82104
0.767501
0.616054
0.622544
0.896298
0.78115
0.821831
0.697251
0.356237
0.794055
0.351391
0.195776
0.299619
0.00655877
0.266814
0.920525
0.725357
0.322814
0.939758
0.568046
0.17813
0.411854
0.996807
0.0068278
0.656345
0.433985
0.724589
0.329583
0.874045
0.541654
0.76357
0.378445
0.720931
0.997868
0.956225
0.304917
0.541135
0.168932
0.533396
0.775589
0.533522
0.344779
0.323068
0.526329
0.713105
0.844417
0.974393
0.505017
0.664086
0.809108
0.8615
0.959463
0.633506
0.661251
0.774053
0.609539
0.95922
0.486921
0.355257
0.140707
0.254307
0.281361
0.243387
0.90937
0.920645
0.302866
0.79605
0.0879254
0.577261
0.0696854
0.972902
0.853257
0.906096
0.969237
0.906149
0.153285
0.457577
0.647018
0.806142
0.816182
0.531853
0.836085
0.724094
0.926635
0.669641
0.504558
0.696392
0.540648
0.0183697
0.503123
0.366109
0.37316
0.250639
0.840913
0.299297
0.0436506
0.895656
0.793558
0.862821
0.0931302
0.0341482
0.852522
0.601686
0.500287
0.681433
0.501535
0.0642938
0.254863
0.717134
0.900994
0.240705
0.0486932
0.501426
0.774927
0.493704
0.544668
0.515247
0.0506402
0.401824
0.605991
0.998819
0.903273
0.745607
0.593723
0.729862
0.53439
0.271948
0.303243
0.136086
0.682692
0.79614
0.0296935
0.487344
0.286953
0.477235
0.295629
0.519998
0.436178
0.629831
0.30863
0.551399
0.00511477
0.751045
0.692571
0.413568
0.0878628
0.894993
0.0926506
0.600237
0.0212068
0.308692
0.77591
0.98416
0.775167
0.10024
0.0138327
0.173276
0.619319
0.871648
0.262255
0.273029
0.710395
0.177576
0.108332
0.809663
0.919201
0.698183
0.204251
0.701112
0.605446
0.00842965
0.146732
0.770054
0.210876
0.515194
0.172194
0.247806
0.642727
0.416485
0.600748
0.430344
0.0447055
0.77215
0.105744
0.262836
0.827122
0.116392
0.312119
0.497291
0.886176
0.359265
0.703813
0.312452
0.0366711
0.912541
0.232089
0.398534
0.942483
0.168026
0.432541
0.308808
0.403899
0.517347
0.0188634
0.312451
0.0275537
0.549134
0.0843282
0.648532
0.952723
0.434157
0.373603
0.716766
0.350323
0.203568
0.65959
0.803291
0.37129
0.977808
0.959442
0.154731
0.768286
0.0567639
0.937157
0.323841
0.806632
0.569976
0.997011
0.767606
0.945425
0.674672
0.215271
0.142144
0.0540827
0.433805
0.34607
0.279501
0.988958
0.562847
0.11133
0.408722
0.716464
0.766133
0.935118
0.192376
0.880777
0.639179
0.892414
0.0448902
0.0871743
0.986095
0.337665
0.0833403
0.998088
0.968544
0.0955639
0.393046
0.894134
0.551838
0.434304
0.229781
0.00580734
0.709649
0.0598465
0.580309
0.487989
0.0495648
0.029163
0.921253
0.936781
0.968018
0.734589
0.775145
0.0496743
0.493447
0.595653
0.436296
0.38872
0.493672
0.424567
0.916098
0.264601
0.616378
0.170844
0.0876214
0.677271
0.267439
0.117352
0.348764
0.157355
0.250299
0.817275
0.269935
0.280861
0.497971
0.395678
0.218184
0.728783
0.685613
0.0402281
0.349548
0.644434
0.793522
0.878127
0.0081436
0.875678
0.328323
0.176034
0.906096
0.0681202
0.0623506
0.456814
0.957794
0.615055
0.797689
0.612655
0.485521
0.438077
0.376486
0.85473
0.133344
0.82459
0.550731
0.145449
0.559664
0.169716
0.0246801
0.44865
0.599861
0.461611
0.735895
0.168064
0.693814
0.644377
0.428713
0.559561
0.23544
0.641521
0.20471
0.747579
0.1527
0.0666949
0.942694
0.971986
0.157665
0.154983
0.250559
0.762538
0.345191
0.474487
0.061292
0.770023
0.963814
0.891951
0.714044
0.730768
0.66322
0.805412
0.0435399
0.0251126
0.621148
0.348298
0.407033
0.858515
0.493239
0.550887
0.563027
0.60515
0.169587
0.361391
0.425576
0.079593
0.808082
0.0822963
0.313572
0.398024
0.947935
0.910085
0.386708
0.648569
0.971899
0.382028
0.338208
0.950333
0.830633
0.338808
0.0483576
0.302607
0.162999
0.408733
0.62964
0.40977
0.721598
0.921361
0.616701
0.264834
0.40954
0.937251
0.154074
0.106461
0.462917
0.448008
0.00753599
0.908753
0.990219
0.583532
0.335803
0.144537
0.812073
0.622222
0.375285
0.280175
0.678448
0.133564
0.581848
0.988949
0.0676251
0.356665
0.0499904
0.332692
0.0219496
0.594255
0.866379
0.548083
0.614504
0.33549
0.0472317
0.486599
0.570231
0.451624
0.772442
0.393644
0.251077
0.8268
0.223158
0.981385
0.565283
0.734659
0.741454
0.898815
0.462613
0.646417
0.701144
0.797101
0.963408
0.304625
0.0277639
0.674152
0.787411
0.394163
0.935563
0.24984
0.0658034
0.00879148
0.0381838
0.809708
0.681571
0.555827
0.288055
0.930742
0.73359
0.0964412
0.79253
0.944986
0.657541
0.374651
0.328015
0.243488
0.874815
0.0670274
0.0430424
0.227571
0.150627
0.662134
0.870914
0.547411
0.111754
0.890731
0.201573
0.806323
0.97137
0.0466881
0.16044
0.719788
0.51678
0.215567
0.645705
0.576657
0.749961
0.964325
0.24839
0.638353
0.509059
0.407317
0.657881
0.543929
0.31997
0.284351
0.0647852
0.628011
0.89961
0.902011
0.684366
0.472046
0.200584
0.0215965
0.550858
0.461713
0.745005
0.0524531
0.287392
0.457492
0.970583
0.920074
0.415949
0.309427
0.180684
0.445693
0.96091
0.361776
0.00394865
0.186195
0.230632
0.321729
0.422924
0.638972
0.197212
0.683617
0.0417991
0.887998
0.12283
0.768086
0.901351
0.609684
0.831786
0.38427
0.0635092
0.743246
0.363014
0.726313
0.369862
0.868756
0.850644
0.730276
0.829594
0.711135
0.949888
0.428356
0.874703
0.558213
0.558233
0.282209
0.62977
0.609774
0.303072
0.0460323
0.521019
0.335959
0.978131
0.346268
0.927557
0.827799
0.60795
0.265288
0.337607
0.972198
0.616343
0.159161
0.486873
0.691026
0.952495
0.421325
0.0813537
0.611686
0.681954
0.352578
0.482264
0.30156
0.502069
0.191575
0.869159
0.467925
0.859681
0.862371
0.443181
0.400875
0.848029
0.0439025
0.676132
0.644006
0.714477
0.106386
0.325329
0.458058
0.732979
0.0925067
0.70133
0.619917
0.115042
0.386083
0.591974
0.807133
0.818933
0.948734
0.0627057
0.669558
0.843972
0.10665
0.113499
0.476012
0.444786
0.0558451
0.272854
0.81978
0.52787
0.982955
0.367933
0.597357
0.307637
0.189058
0.148412
0.0481141
0.0429259
0.239186
0.115301
0.413193
0.173345
0.664652
0.778298
0.642752
0.709623
0.0383341
0.485782
0.76007
0.377298
0.897822
0.721706
0.296887
0.0172418
0.28354
0.271937
0.784128
0.721224
0.38521
0.492122
0.602916
0.0206113
0.798666
0.683578
0.597533
0.518433
0.856791
0.0874105
0.119919
0.180678
0.325206
0.181544
0.68401
0.44151
0.766754
0.652274
0.251388
0.163854
0.822221
0.290008
0.211799
0.321622
0.731533
0.433317
0.0604399
0.620765
0.0406781
0.63135
0.636718
0.790244
0.0464459
0.635724
0.447745
0.0205431
0.663446
0.930271
0.0277778
0.0438527
0.0568966
0.909302
0.024781
0.0215706
0.953824
0.124381
0.935105
0.575869
0.00313499
0.386633
0.242928
0.249796
0.085329
0.180283
0.282986
0.427154
0.511542
0.306053
0.981773
0.879329
0.746437
0.0674659
0.208032
0.819432
0.182396
0.942391
0.458003
0.254243
0.979253
0.256483
0.199906
0.346411
0.754032
0.940836
0.266213
0.236573
0.225055
0.639018
0.628835
0.240589
0.493533
0.178249
0.549911
0.5769
0.791643
0.948259
0.257036
0.871893
0.432554
0.306823
0.190496
0.312775
0.360829
0.133098
0.980619
0.543545
0.225869
0.446075
0.362515
0.657982
0.0894265
0.492486
0.178652
0.284604
0.617831
0.373273
0.243671
0.00322375
0.538352
0.512365
0.262154
0.0494425
0.375872
0.344907
0.83142
0.344225
0.863301
0.358121
0.995789
0.289113
0.861764
0.292534
0.706042
0.75698
0.0866493
0.723721
0.628553
0.801056
0.299179
0.402866
0.861295
0.250301
0.0825359
0.343735
0.24136
0.851556
0.678993
0.307457
0.703664
0.386475
0.988215
0.958005
0.224485
0.635118
0.651006
0.163603
0.276886
0.308267
0.1847
0.353708
0.688766
0.75964
0.273845
0.856627
0.897267
0.709807
0.242921
0.0961947
0.343782
0.501786
0.650691
0.202296
0.256516
0.777855
0.384145
0.477839
0.106271
0.911851
0.0595107
0.717849
0.737177
0.568795
0.967945
0.466163
0.292516
0.337264
0.399201
0.131828
0.667396
0.890489
0.92017
0.872598
0.915018
0.466794
0.837913
0.962273
0.490997
0.556142
0.900815
0.289493
0.229898
0.778085
0.565656
0.996901
0.0551742
0.894558
0.994198
0.506285
0.685254
0.535515
0.970321
0.912139
0.707851
0.440381
0.181287
0.415953
0.354451
0.0533678
0.93217
0.471944
0.477316
0.637328
0.481877
0.24019
0.118328
0.77944
0.968405
0.970627
0.449537
0.624187
0.813016
0.561928
0.588419
0.454062
0.970187
0.458376
0.451767
0.705207
0.134
0.00254937
0.393466
0.820901
0.415404
0.987953
0.205619
0.0269592
0.392512
0.209233
0.578442
0.511565
0.444779
0.247938
0.177303
0.727033
0.165726
0.579593
0.529457
0.413753
0.0903052
0.0860575
0.515819
0.767221
0.928925
0.0299717
0.843995
0.474168
0.00584444
0.352987
0.437498
0.807588
0.183517
0.762073
0.127101
0.931164
0.377271
0.139795
0.414891
0.183421
0.108138
0.750717
0.897673
0.479811
0.926683
0.917587
0.35759
0.584366
0.18008
0.305416
0.307178
0.523738
0.0730128
0.521471
0.894051
0.981302
0.223081
0.978213
0.0715772
0.479642
0.340597
0.686835
0.139388
0.961898
0.554225
0.204588
0.601805
0.187513
0.612349
0.379713
0.0574487
0.278912
0.404829
0.60493
0.058852
0.860017
0.854185
0.325379
0.369554
0.405545
0.816732
0.59133
0.677373
0.577294
0.818667
0.979229
0.212275
0.569337
0.896034
0.526227
0.573778
0.82368
0.0404087
0.0898046
0.0413165
0.306188
0.641765
0.740625
0.153809
0.536472
0.799293
0.197563
0.196501
0.940796
0.562707
0.162591
0.738691
0.669042
0.856658
0.597262
0.021745
0.53665
0.153121
0.638171
0.561154
0.973873
0.943539
0.342127
0.793203
0.754029
0.364991
0.442346
0.373614
0.0753204
0.389094
0.791833
0.739515
0.286829
0.367844
0.433654
0.451351
0.165637
0.591481
0.808436
0.464045
0.0159621
0.777542
0.76174
0.163624
0.105433
0.476832
0.373724
0.301238
0.0416808
0.58514
0.850266
0.488869
0.786626
0.0356008
0.0983963
0.364205
0.784325
0.691934
0.155499
0.0439639
0.208275
0.345479
0.190319
0.953046
0.568419
0.612145
0.553045
0.505642
0.80834
0.411732
0.648242
0.509708
0.705563
0.793835
0.860284
0.606954
0.762213
0.207462
0.411363
0.741776
0.393362
0.94954
0.0742359
0.242732
0.325571
0.183748
0.164666
0.645014
0.554371
0.968035
0.417834
0.263567
0.375014
0.459571
0.252773
0.0888995
0.609065
0.540699
0.491448
0.376758
0.185598
0.536591
0.135556
0.954126
0.357332
0.0387376
0.772603
0.172646
0.694427
0.239512
0.517157
0.57902
0.425999
0.539558
0.131957
0.388305
0.556704
0.870768
0.689379
0.442544
0.702956
0.885159
0.496306
0.187098
0.756666
0.355915
0.29673
0.267393
0.468954
0.857268
0.122191
0.991187
0.985839
0.138916
0.282571
0.425384
0.666806
0.424115
0.769775
0.229648
0.0594818
0.835309
0.0927915
0.0762276
0.0509184
0.34269
0.840968
0.91026
0.460159
0.81138
0.30537
0.0704196
0.655611
0.343379
0.0821279
0.646225
0.87201
0.411195
0.675862
0.857315
0.0584387
0.515888
0.292837
0.083045
0.875796
0.484676
0.601019
0.749087
0.930576
0.797088
0.543687
0.652668
0.650177
0.7117
0.507757
0.897444
0.841543
0.829466
0.989521
0.686926
0.885799
0.763693
0.163987
0.752513
0.587592
0.928326
0.608954
0.224508
0.29175
0.735738
0.963643
0.408763
0.498927
0.775436
0.825078
0.734109
0.556447
0.754833
0.535168
0.431041
0.355737
0.679844
0.547953
0.100226
0.210736
0.44292
0.996461
0.10701
0.424831
0.885987
0.509521
0.287232
0.585326
0.0422903
0.97228
0.592097
0.959254
0.38541
0.704478
0.0526317
0.108679
0.976632
0.310567
0.907812
0.0715797
0.294308
0.227278
0.310352
0.249648
0.514354
0.164043
0.587883
0.754438
0.524028
0.566559
0.4972
0.0291632
0.361188
0.210336
0.140464
0.0003968
0.811934
0.989675
0.106454
0.756619
0.832253
0.404786
0.311908
0.0768414
0.0837888
0.302042
0.342721
0.322871
0.911573
0.180226
0.893678
0.795687
0.526595
0.333239
0.0677414
0.910568
0.631627
0.998117
0.0514956
0.194884
0.368421
0.181357
0.448399
0.926261
0.220647
0.150338
0.62561
0.672564
0.926841
0.521504
0.664115
0.257748
0.753629
0.410261
0.321261
0.348772
0.278979
0.778711
0.404437
0.846689
0.204764
0.678087
0.840848
0.933449
0.530959
0.654239
0.282439
0.57323
0.10858
0.542064
0.148279
0.605673
0.218197
0.184618
0.529042
0.134093
0.287785
0.862003
0.86608
0.939312
0.561776
0.910365
0.746646
0.81834
0.0240688
0.0115056
0.758451
0.627869
0.669695
0.503122
0.191595
0.880806
0.537744
0.228236
0.0944274
0.257454
0.796137
0.658732
0.622666
0.600889
0.863241
0.0141428
0.192372
0.0191733
0.285412
0.329851
0.139211
0.242199
0.45543
0.885665
0.873341
0.294094
0.85459
0.219758
0.386226
0.5874
0.584238
0.444865
0.982445
0.561378
0.528723
0.450567
0.394387
0.876458
0.0811682
0.814467
0.325275
0.132376
0.00682502
0.672018
0.650909
0.593401
0.904229
0.506817
0.517404
0.48264
0.121415
0.458619
0.0801535
0.90037
0.547563
0.639399
0.170783
0.70775
0.628088
0.67531
0.283205
0.699633
0.325445
0.435207
0.513999
0.0862958
0.51586
0.0514107
0.909549
0.244179
0.402197
0.0966236
0.620566
0.27683
0.240532
0.907022
0.295697
0.0171147
0.0840289
0.226108
0.525218
0.477466
0.775766
0.16291
0.360305
0.620503
0.446461
0.305263
0.637917
0.323074
0.631388
0.995566
0.132471
0.988489
0.762287
0.85939
0.622809
0.530415
0.184473
0.865566
0.701286
0.852032
0.294048
0.474075
0.908625
0.947313
0.886087
0.252536
0.124294
0.271644
0.354246
0.251708
0.850426
0.276699
0.310009
0.0125438
0.617941
0.926464
0.966968
0.0228814
0.27925
0.147594
0.286068
0.637336
0.01064
0.44582
0.723495
0.407049
0.461644
0.653761
0.507392
0.905786
0.423169
0.376304
0.118564
0.283492
0.366471
0.0975946
0.96216
0.154869
0.329443
0.139728
0.492776
0.657452
0.204758
0.281286
0.816555
0.523817
0.864126
0.94035
0.0921983
0.0519934
0.824997
0.841125
0.11471
0.196606
0.753478
0.417452
0.416604
0.50739
0.93885
0.173999
0.103143
0.0826057
0.490522
0.637326
0.349616
0.562716
0.944138
0.571205
0.618661
0.448617
0.482652
0.394186
0.143993
0.699823
0.217859
0.582729
0.528257
0.865994
0.567622
0.184405
0.212061
0.717447
0.403296
0.0224217
0.811593
0.465585
0.0392968
0.100364
0.137663
0.147636
0.661489
0.142339
0.807377
0.768445
0.339735
0.600715
0.926269
0.222324
0.0590392
0.567311
0.00574085
0.682883
0.431932
0.0809481
0.754552
0.609362
0.358626
0.280696
0.506808
0.286697
0.442468
0.855837
0.751034
0.64243
0.889782
0.653069
0.389912
0.119238
0.768379
0.00184784
0.429072
0.503151
0.593832
0.120195
0.310441
0.0825595
0.773899
0.601281
0.35791
0.539686
0.430646
0.742002
0.245707
0.683732
0.0411874
0.322572
0.920517
0.97174
0.034664
0.300465
0.59428
0.308801
0.354996
0.46489
0.284764
0.819199
0.849167
0.512762
0.00814069
0.0740353
0.949337
0.597924
0.519234
0.243621
0.566093
0.933762
0.714084
0.785132
0.902729
0.0624786
0.151958
0.13463
0.691204
0.0986538
0.352443
0.190538
0.931556
0.346866
0.231498
0.394951
0.175947
0.370869
0.577793
0.257173
0.890779
0.51567
0.360093
0.00336567
0.057926
0.399285
0.304816
0.678149
0.625876
0.616982
0.00845405
0.994155
0.717736
0.524638
0.419093
0.346766
0.267023
0.701675
0.848323
0.307965
0.284608
0.948552
0.129617
0.635738
0.85082
0.274599
0.306229
0.0925474
0.312499
0.490471
0.699569
0.00483405
0.526446
0.89974
0.881853
0.682578
0.424633
0.195795
0.152928
0.00289077
0.926327
0.749858
0.119188
0.106451
0.0613373
0.775115
0.580572
0.657777
0.796895
0.709005
0.250525
0.971034
0.271672
0.91601
0.908707
0.849896
0.721885
0.077747
0.346456
0.675237
0.444492
0.897848
0.721243
0.492953
0.625328
0.185705
0.306362
0.928391
0.841164
0.775016
0.505921
0.330632
0.787316
0.962904
0.790403
0.521553
0.870365
0.805586
0.87445
0.317289
0.97417
0.960862
0.68531
0.999327
0.919116
0.561777
0.206744
0.0611286
0.575333
0.082366
0.718428
0.856014
0.930624
0.224536
0.717907
0.588942
0.707235
0.697364
0.718307
0.401841
0.0180056
0.0676447
0.816328
0.427384
0.388047
0.254717
0.689605
0.348923
0.376452
0.654724
0.795706
0.615813
0.819119
0.41786
0.031856
0.168999
0.658914
0.557985
0.278562
0.678222
0.94912
0.771012
0.359332
0.283549
0.769061
0.165778
0.829401
0.736751
0.865766
0.0320887
0.0491949
0.030369
0.607238
0.640369
0.613802
0.0679877
0.887806
0.507225
0.0264386
0.351401
0.501996
0.112808
0.775522
0.0263574
0.770193
0.0406495
0.266464
0.180732
0.0817302
0.545836
0.00294178
0.345922
0.512605
0.881792
0.207314
0.555836
0.665773
0.361839
0.393344
0.757038
0.875284
0.771263
0.860842
0.0985057
0.465144
0.243955
0.0862633
0.827627
0.284696
0.390804
0.205562
0.712941
0.401111
0.872272
0.794725
0.486662
0.223231
0.120379
0.385794
0.715269
0.456337
0.446234
0.911349
0.755261
0.545091
0.533806
0.361969
0.952013
0.594493
0.81578
0.539631
0.333315
0.823536
0.93309
0.692023
0.34971
0.830122
0.755352
0.889412
0.574127
0.885514
0.481727
0.762205
0.344459
0.706837
0.321881
0.215892
0.498154
0.866081
0.264564
0.385903
0.0713175
0.0753177
0.47015
0.868494
0.675721
0.510969
0.104811
0.380288
0.51285
0.916569
0.0773474
0.349309
0.447952
0.324322
0.234593
0.222977
0.295441
0.125357
0.811123
0.315809
0.981167
0.0657017
0.42796
0.573369
0.293425
0.111299
0.246167
0.897225
0.457781
0.39928
0.879048
0.978933
0.182695
0.503399
0.716434
0.762209
0.322877
0.346871
0.768182
0.655836
0.190351
0.335779
0.0578816
0.908065
0.941002
0.682222
0.504011
0.899765
0.405713
0.212764
0.174275
0.33134
0.990514
0.534439
0.699243
0.961985
0.865271
0.436308
0.387565
0.101676
0.146355
0.688972
0.0316667
0.604914
0.594041
0.361209
0.122888
0.969844
0.288402
0.334071
0.622081
0.184746
0.167161
0.10643
0.328751
0.0565687
0.442495
0.198543
0.703839
0.415764
0.306093
0.193329
0.173913
0.610074
0.390945
0.827614
0.483923
0.379245
0.799422
0.519876
0.76049
0.694183
0.104079
0.236856
0.309206
0.144581
0.0134094
0.597485
0.86672
0.372531
0.0626505
0.0113941
0.41501
0.470582
0.941908
0.985101
0.718451
0.0234054
0.672999
0.809475
0.386182
0.263021
0.701819
0.0271701
0.81249
0.263261
0.299525
0.346843
0.948494
0.516449
0.911103
0.807665
0.446216
0.326138
0.800878
0.44262
0.532196
0.415162
0.416214
0.14648
0.369276
0.922758
0.670838
0.846969
0.21486
0.544851
0.351796
0.35271
0.277606
0.0304227
0.931204
0.171037
0.592096
0.554695
0.373713
0.328295
0.801595
0.992726
0.618636
0.207106
0.246595
0.658679
0.175474
0.080999
0.867171
0.464022
0.491297
0.766619
0.69856
0.17272
0.385813
0.323585
0.183803
0.0216331
0.776657
0.789033
0.139869
0.836487
0.0990295
0.905144
0.438782
0.21204
0.969478
0.0951531
0.677347
0.582207
0.475236
0.0260702
0.470429
0.582506
0.800184
0.00644081
0.535081
0.570098
0.932752
0.243221
0.283377
0.0642377
0.815574
0.11557
0.324912
0.123543
0.218371
0.715764
0.309324
0.142321
0.318253
0.398119
0.00324036
0.564193
0.281458
0.809317
0.957919
0.994799
0.0833942
0.842456
0.340912
0.288699
0.552891
0.418379
0.993301
0.369971
0.478966
0.689343
0.307267
0.992454
0.238802
0.562836
0.268533
0.839033
0.840689
0.631495
0.991762
0.464819
0.0963094
0.667135
0.184261
0.184629
0.139518
0.926979
0.885478
0.848499
0.37511
0.51975
0.214895
0.487191
0.259991
0.48971
0.558267
0.832987
0.141455
0.689022
0.94481
0.261086
0.143487
0.0415836
0.034716
0.0726623
0.365245
0.556351
0.579241
0.181418
0.123341
0.27161
0.286499
0.908771
0.194313
0.683692
0.153509
0.196801
0.213781
0.566729
0.636085
0.437208
0.261819
0.535838
0.259881
0.495113
0.433017
0.347695
0.554591
0.651108
0.485866
0.761317
0.0261196
0.459219
0.057823
0.671507
0.70183
0.846327
0.597659
0.356883
0.94737
0.22758
0.607222
0.534556
0.486923
0.836806
0.779391
0.675653
0.786985
0.857597
0.647014
0.720779
0.054186
0.338476
0.0715973
0.105409
0.70941
0.502331
0.952424
0.654093
0.324399
0.615997
0.73613
0.385806
0.948652
0.948988
0.707586
0.086019
0.35497
0.338024
0.448273
0.0622179
0.165562
0.721723
0.571738
0.240438
0.674675
0.47538
0.0449143
0.0505265
0.80015
0.843179
0.853776
0.108123
0.893329
0.963256
0.0134354
0.149195
0.0956884
0.933989
0.985469
0.543285
0.781994
0.616611
0.185361
0.35175
0.763613
0.826091
0.504027
0.193873
0.608162
0.655553
0.482569
0.666589
0.772268
0.918361
0.768649
0.195708
0.0949313
0.977464
0.607576
0.527242
0.931617
0.627313
0.931733
0.338368
0.948519
0.339958
0.878149
0.621489
0.997027
0.874593
0.982019
0.355673
0.607825
0.404727
0.956602
0.526577
0.0879977
0.502091
0.661112
0.853841
0.790295
0.726311
0.523124
0.955364
0.15285
0.877901
0.604023
0.183812
0.736688
0.909387
0.688512
0.374594
0.0754022
0.801105
0.0127964
0.980101
0.745433
0.600937
0.793248
0.0136325
0.588842
0.90382
0.85301
0.738786
0.930899
0.383386
0.176374
0.131293
0.94588
0.419836
0.727694
0.735564
0.378615
0.277764
0.0853531
0.948361
0.314816
0.345313
0.527574
0.287725
0.0597783
0.4504
0.74392
0.281835
0.17894
0.00757062
0.493643
0.138106
0.0605116
0.651029
0.48506
0.0966833
0.470938
0.672045
0.590294
0.923129
0.905076
0.935578
0.0762028
0.426866
0.631861
0.0841655
0.259356
0.907264
0.858781
0.215886
0.529712
0.57347
0.0916096
0.195601
0.08203
0.136388
0.395934
0.14803
0.184222
0.377487
0.32193
0.254871
0.464546
0.991961
0.969318
0.944196
0.105961
0.526059
0.38482
0.3638
0.823407
0.0246612
0.757968
0.0125397
0.217895
0.380407
0.798625
0.223351
0.367235
0.578603
0.416108
0.593486
0.966481
0.90445
0.527975
0.889814
0.0630033
0.674964
0.449789
0.04646
0.86116
0.223621
0.49173
0.542113
0.987977
0.762159
0.939046
0.0925885
0.0706865
0.0367123
0.213206
0.671341
0.803615
0.448491
0.397302
0.0542149
0.0341166
0.483375
0.556716
0.42691
0.371052
0.792847
0.322248
0.270432
0.291433
0.273252
0.874803
0.300353
0.495169
0.779614
0.437672
0.700562
0.954746
0.713705
0.17345
0.300451
0.209906
0.385836
0.0875993
0.114246
0.17859
0.581913
0.856305
0.833492
0.398941
0.22457
0.841648
0.608801
0.693004
0.882018
0.016643
0.308321
0.120736
0.3363
0.883298
0.0100036
0.609645
0.0256467
0.160036
0.026229
0.180351
0.270283
0.36866
0.926478
0.715164
0.78667
0.610229
0.992624
0.776107
0.225966
0.294594
0.397102
0.171922
0.471804
0.285347
0.700525
0.0696301
0.54032
0.295778
0.47979
0.846622
0.263262
0.610811
0.291985
0.565891
0.977462
0.488659
0.933413
0.711781
0.13842
0.322818
0.531844
0.548816
0.839738
0.681106
0.979951
0.0535792
0.657115
0.615125
0.23152
0.851231
0.992792
0.204649
0.71591
0.150543
0.0318958
0.782513
0.599831
0.907926
0.470598
0.59893
0.445501
0.381957
0.618231
0.785933
0.291772
0.1978
0.385431
0.361239
0.996144
0.185525
0.334969
0.601197
0.0551033
0.263158
0.82654
0.772482
0.0997871
0.887471
0.933845
0.323445
0.594153
0.530497
0.332414
0.993082
0.708991
0.957141
0.209147
0.373629
0.106563
0.175932
0.182207
0.95699
0.119589
0.226188
0.855423
0.452273
0.487073
0.138138
0.172618
0.274832
0.337385
0.379129
0.188034
0.723258
0.394578
0.970576
0.861717
0.00267778
0.728872
0.910041
0.537138
0.575407
0.435731
0.430213
0.207045
0.501775
0.814524
0.253208
0.284867
0.936527
0.889315
0.908181
0.958634
0.432911
0.881451
0.342884
0.0793151
0.761205
0.17164
0.731076
0.396609
0.792481
0.48992
0.029189
0.513833
0.072628
0.597432
0.0454831
0.747226
0.56845
0.21742
0.458427
0.787415
0.0724897
0.98227
0.592369
0.599147
0.962993
0.520116
0.262034
0.0991174
0.697056
0.863118
0.97189
0.748947
0.448202
0.96349
0.600224
0.907064
0.601064
0.939178
0.929649
0.831062
0.807577
0.372018
0.850136
0.562194
0.708151
0.82459
0.176965
0.41261
0.750474
0.51677
0.951832
0.696733
0.302332
0.59127
0.910514
0.45564
0.757895
0.628677
0.812049
0.616474
0.0729011
0.686552
0.187695
0.994668
0.96478
0.615544
0.2685
0.462781
0.63032
0.812555
0.236315
0.178514
0.446902
0.56715
0.367208
0.721454
0.363315
0.65086
0.732561
0.951972
0.735562
0.534992
0.721313
0.209027
0.2433
0.55061
0.291578
0.84412
0.840252
0.943384
0.0476632
0.116804
0.464103
0.874331
0.257551
0.83517
0.320817
0.0967274
0.511611
0.463214
0.263155
0.404264
0.183924
0.442737
0.639609
0.416604
0.745285
0.314719
0.0608889
0.881293
0.183533
0.242102
0.891005
0.34485
0.358892
0.688767
0.135464
0.678719
0.48291
0.536199
0.77173
0.234538
0.22895
0.794664
0.597769
0.994946
0.719434
0.761894
0.853357
0.470145
0.412866
0.889609
0.0501812
0.562725
0.687421
0.263496
0.324764
0.509697
0.597663
0.0160241
0.0295949
0.581156
0.280274
0.640532
0.939775
0.629803
0.744701
0.613895
0.528009
0.357409
0.194852
0.758512
0.542678
0.542832
0.900577
0.956547
0.0837377
0.521231
0.352084
0.559542
0.447263
0.601399
0.33333
0.201412
0.0770608
0.433985
0.57291
0.965943
0.498912
0.720606
0.673763
0.740274
0.14464
0.0394
0.774582
0.432651
0.305993
0.184591
0.638853
0.303335
0.929722
0.699909
0.882684
0.0618862
0.423032
0.944616
0.413303
0.583103
0.958092
0.0418986
0.585769
0.28599
0.0384777
0.401705
0.864572
0.31712
0.719359
0.881524
0.0930372
0.894871
0.0481651
0.478288
0.232334
0.785127
0.539308
0.299724
0.115921
0.130817
0.922352
0.519865
0.47871
0.68884
0.503954
0.0667786
0.734427
0.0117458
0.266531
0.20347
0.230861
0.0936387
0.187784
0.857015
0.0170065
0.534841
0.452101
0.0576953
0.208332
0.439306
0.336247
0.730516
0.175765
0.616532
0.045458
0.815379
0.676166
0.548365
0.268667
0.067466
0.837997
0.4371
0.561236
0.706121
0.21883
0.25756
0.418974
0.409755
0.021402
0.827603
0.582275
0.81305
0.369223
0.100119
0.864962
0.900717
0.913056
0.860679
0.633022
0.108932
0.639002
0.61591
0.904302
0.145149
0.564757
0.615601
0.145657
0.887299
0.365481
0.635042
0.672188
0.606308
0.501993
0.887696
0.839119
0.074808
0.950302
0.643618
0.921042
0.853032
0.915105
0.0523971
0.449647
0.696055
0.837609
0.793558
0.266696
0.955947
0.616762
0.706338
0.90092
0.217341
0.565258
0.109979
0.803183
0.832902
0.676775
0.471153
0.220707
0.899157
0.623689
0.295349
0.169407
0.966329
0.159522
0.724707
0.879723
0.93549
0.035767
0.00327932
0.628059
0.546526
0.54997
0.871808
0.941294
0.102882
0.432129
0.0145355
0.0938274
0.781675
0.490644
0.443908
0.0387507
0.131936
0.276113
0.590095
0.110805
0.948474
0.222182
0.690526
0.239359
0.578099
0.187138
0.371366
0.892825
0.122001
0.837175
0.846588
0.0534835
0.614407
0.599881
0.833835
0.176431
0.581138
0.430767
0.384807
0.644636
0.124495
0.875986
0.851486
0.469516
0.46215
0.918287
0.241663
0.59209
0.518648
0.113179
0.522643
0.549093
0.84039
0.948751
0.42001
0.922734
0.336531
0.653642
0.635798
0.507813
0.821115
0.398987
0.135785
0.545159
0.116928
0.0864607
0.682912
0.169817
0.726965
0.601991
0.276303
0.00707707
0.338129
0.949645
0.796616
0.752649
0.054604
0.470143
0.666878
0.750799
0.855858
0.818512
0.14317
0.264273
0.791339
0.00659454
0.290195
0.586837
0.657937
0.739163
0.614411
0.458468
0.300612
0.789801
0.00171969
0.943256
0.870883
0.904519
0.933682
0.658903
0.525074
0.537396
0.499548
0.587806
0.0784363
0.636274
0.0911175
0.904448
0.0415455
0.251297
0.968894
0.375969
0.00597036
0.0178629
0.563552
0.0283146
0.0761178
0.881339
0.302609
0.992392
0.328965
0.789575
0.535386
0.21165
0.293893
0.130568
0.685434
0.9916
0.240165
0.490653
0.61502
0.184349
0.668625
0.715306
0.108022
0.933719
0.233292
0.196184
0.3162
0.340843
0.787001
0.380427
0.455217
0.211344
0.163588
0.520658
0.311939
0.194258
0.484714
0.0175199
0.560526
0.841781
0.925251
0.438507
0.518733
0.106827
0.890149
0.600955
0.603562
0.651411
0.840008
0.961609
0.688748
0.0798803
0.887631
0.295752
0.141592
0.18875
0.921114
0.0566911
0.917758
0.105734
0.00212796
0.359089
0.593485
0.322865
0.528779
0.949585
0.331899
0.464759
0.91636
0.952245
0.616504
0.250077
0.772551
0.364733
0.758409
0.257859
0.532912
0.906988
0.134029
0.832734
0.558128
0.379788
0.411346
0.948344
0.73534
0.213054
0.0448556
0.651832
0.117775
0.0629658
0.591364
0.440273
0.78814
0.614004
0.50747
0.214866
0.690511
0.726315
0.465853
0.642947
0.527281
0.517098
0.787354
0.718288
0.98525
0.213636
0.017023
0.476782
0.78143
0.556974
0.0698909
0.0943615
0.522661
0.508197
0.178451
0.516256
0.852164
0.177136
0.838787
0.911016
0.0933067
0.283148
0.930204
0.423158
0.0692572
0.146368
0.296303
0.44374
0.63206
0.126451
0.860014
0.631273
0.108372
0.361277
0.146856
0.515588
0.203814
0.510961
0.0256614
0.522797
0.521631
0.764048
0.304263
0.0066476
0.138283
0.378085
0.64858
0.971861
0.106598
0.829271
0.677795
0.466637
0.0398949
0.278424
0.0620079
0.849518
0.200746
0.474108
0.325907
0.857378
0.672551
0.352175
0.808783
0.94201
0.80298
0.11841
0.238423
0.54308
0.974123
0.0524937
0.91642
0.371018
0.959158
0.585891
0.633568
0.891889
0.830071
0.0010889
0.10977
0.557403
0.0673343
0.659694
0.922775
0.379503
0.289681
0.712438
0.592163
0.123736
0.97398
0.20246
0.0914762
0.48166
0.139547
0.112092
0.805825
0.373689
0.745659
0.81831
0.579756
0.85986
0.885214
0.087219
0.436369
0.950403
0.380635
0.62811
0.569906
0.659366
0.80307
0.970756
0.0972979
0.559777
0.509102
0.085056
0.505688
0.283865
0.620528
0.322556
0.54802
0.375246
0.216043
0.729458
0.345084
0.453209
0.737117
0.381605
0.511076
0.276837
0.782771
0.68211
0.392707
0.645444
0.215331
0.690537
0.814192
0.218816
0.783951
0.939135
0.393463
0.655238
0.530885
0.475249
0.857348
0.0861857
0.0146379
0.100471
0.0845448
0.226799
0.318239
0.0244062
0.338479
0.234215
0.982714
0.144678
0.514348
0.84458
0.707334
0.930365
0.931173
0.810713
0.722218
0.371276
0.60352
0.384561
0.0967779
0.689193
0.636118
0.881692
0.720432
0.330469
0.424979
0.568047
0.237699
0.738651
0.134641
0.863609
0.38316
0.926142
0.722911
0.330507
0.532212
0.0302946
0.506306
0.19297
0.808977
0.247608
0.66668
0.967932
0.203719
0.731103
0.940292
0.42289
0.377898
0.163289
0.811744
0.777743
0.561441
0.165828
0.526164
0.29825
0.634796
0.399933
0.0646026
0.188439
0.891802
0.597406
0.133541
0.314566
0.70572
0.596978
0.418568
0.25826
0.433812
0.099589
0.988479
0.689583
0.837894
0.421117
0.232256
0.609128
0.482153
0.234572
0.377847
0.496798
0.472646
0.505003
0.43517
0.859806
0.488792
0.342933
0.198329
0.301351
0.848461
0.641108
0.989814
0.104762
0.573016
0.858622
0.839636
0.564184
0.282577
0.298346
0.235238
0.841754
0.574401
0.787809
0.417909
0.52157
0.680657
0.833139
0.445794
0.382865
0.205604
0.034137
0.0848138
0.070974
0.449764
0.877315
0.45535
0.248341
0.549459
0.78308
0.451609
0.600472
0.0693395
0.341643
0.58416
0.136733
0.519981
0.615714
0.270293
0.958459
0.141155
0.67294
0.700376
0.641234
0.154756
0.729374
0.0201009
0.101861
0.522152
0.705389
0.946838
0.000747963
0.648326
0.413547
0.0236834
0.384982
0.780499
0.427317
0.528305
0.270992
0.566404
0.283853
0.973071
0.12272
0.967395
0.889335
0.839428
0.39285
0.499633
0.093655
0.206773
0.384966
0.209207
0.277714
0.144691
0.74311
0.589015
0.0694289
0.832066
0.938744
0.206557
0.884794
0.336462
0.73423
0.732421
0.376325
0.584929
0.022305
0.675388
0.54988
0.787173
0.956264
0.377591
0.892271
0.970737
0.533274
0.924427
0.846572
0.422447
0.970439
0.926504
0.220827
0.5893
0.623619
0.20817
0.110921
0.19366
0.932225
0.707383
0.194611
0.111407
0.180612
0.0647839
0.67274
0.943231
0.944755
0.303264
0.00797976
0.444118
0.594259
0.796563
0.486566
0.516516
0.859443
0.0531418
0.102943
0.389488
0.559419
0.53814
0.423334
0.375986
0.232897
0.888028
0.789282
0.939997
0.157232
0.301347
0.427171
0.442886
0.0893748
0.114073
0.599781
0.840943
0.00181221
0.166706
0.0958789
0.919258
0.808478
0.312903
0.0272168
0.957339
0.487395
0.103336
0.316792
0.619101
0.579192
0.0175747
0.0553439
0.606597
0.00410512
0.961131
0.896067
0.0275133
0.160405
0.555713
0.2703
0.25753
0.972904
0.224134
0.769768
0.412286
0.876975
0.866948
0.521095
0.555534
0.509197
0.437229
0.330097
0.559302
0.431229
0.516039
0.14013
0.181807
0.82929
0.787638
0.010216
0.9478
0.96473
0.976818
0.470459
0.694744
0.97633
0.547092
0.214077
0.496402
0.626439
0.215528
0.545263
0.537729
0.627925
0.67123
0.0557435
0.343828
0.314037
0.474196
0.726193
0.711635
0.310074
0.947988
0.484387
0.0325482
0.684071
0.0722453
0.310307
0.616626
0.57352
0.581767
0.319877
0.847483
0.945397
0.128198
0.0502941
0.0813085
0.270084
0.281827
0.329586
0.459279
0.84197
0.563292
0.415149
0.1295
0.717065
0.517199
0.591494
0.920985
0.807566
0.665825
0.683613
0.838744
0.00646945
0.867572
0.723192
0.997979
0.576701
0.0559093
0.714495
0.166682
0.814234
0.644098
0.746771
0.293883
0.671241
0.927644
0.0834092
0.179618
0.689845
0.592192
0.475855
0.723546
0.315127
0.37118
0.918051
0.524563
0.674506
0.55954
0.720366
0.0104995
0.186601
0.234342
0.179539
0.0647396
0.0764953
0.540918
0.632951
0.0431308
0.435874
0.346066
0.230472
0.739082
0.279115
0.421286
0.994464
0.426533
0.105394
0.767642
0.380171
0.589431
0.26797
0.964222
0.480051
0.823319
0.846011
0.286498
0.955169
0.923391
0.0337786
0.549239
0.126144
0.769934
0.768181
0.283738
0.280372
0.0136215
0.259991
0.979242
0.295937
0.48468
0.775189
0.407441
0.0798005
0.785369
0.938472
0.0346499
0.717228
0.502039
0.650042
0.736724
0.750839
0.442937
0.365653
0.701089
0.367639
0.0325402
0.570997
0.893751
0.978546
0.891629
0.523114
0.2932
0.619709
0.657866
0.967633
0.885428
0.803355
0.425846
0.569557
0.665564
0.949585
0.200159
0.989405
0.625849
0.704154
0.44816
0.400425
0.819916
0.961071
0.142095
0.270621
0.649788
0.0530734
0.118207
0.465506
0.575685
0.169053
0.0965381
0.130198
0.715634
0.209544
0.292178
0.654822
0.44044
0.0442966
0.426881
0.83978
0.473886
0.180022
0.500067
0.350465
0.286109
0.481614
0.448571
0.828066
0.929506
0.847406
0.0982233
0.316993
0.967354
0.800825
0.0294097
0.616684
0.0578568
0.294292
0.878831
0.031761
0.949623
0.418696
0.546417
0.295918
0.518888
0.483434
0.990825
0.710343
0.217285
0.00198967
0.438879
0.35775
0.0759598
0.287116
0.433343
0.363575
0.77069
0.40651
0.679254
0.843546
0.0143504
0.0679843
0.031007
0.382252
0.827763
0.341713
0.370638
0.351314
0.885143
0.201638
0.786095
0.306465
0.174167
0.242204
0.408924
0.917935
0.635232
0.133508
0.35181
0.191075
0.752992
0.262412
0.743662
0.744693
0.588266
0.388641
0.352395
0.676792
0.274334
0.774909
0.0343877
0.494276
0.0918888
0.299326
0.461312
0.255283
0.846519
0.47658
0.993943
0.364078
0.198899
0.887738
0.0104397
0.694907
0.428965
0.157339
0.779465
0.646006
0.550387
0.572165
0.638648
0.700011
0.497168
0.763563
0.923059
0.623268
0.950285
0.843381
0.935538
0.92941
0.636012
0.0280179
0.612018
0.963051
0.259758
0.694571
0.618916
0.970669
0.936177
0.569037
0.229372
0.871543
0.350372
0.322477
0.762794
0.957949
0.411022
0.570063
0.125241
0.286603
0.180477
0.883414
0.646622
0.729468
0.340751
0.42225
0.353756
0.539142
0.2152
0.501095
0.00496136
0.384271
0.695072
0.910311
0.00392789
0.800167
0.906255
0.0115043
0.378525
0.963993
0.978543
0.250009
0.382295
0.142676
0.15992
0.732231
0.810551
0.454069
0.244068
0.604408
0.431135
0.589407
0.49356
0.809996
0.0476481
0.297773
0.916229
0.616688
0.859141
0.0654128
0.803827
0.893995
0.464272
0.233497
0.60418
0.242043
0.465601
0.863027
0.748463
0.747471
0.957935
0.835238
0.163945
0.0667335
0.842038
0.270704
0.891486
0.26873
0.0499033
0.512115
0.915899
0.223467
0.999834
0.914023
0.443283
0.85942
0.505519
0.123541
0.807153
0.60684
0.183195
0.301784
0.146211
0.701768
0.77013
0.74047
0.0100245
0.510843
0.8302
0.99062
0.882868
0.339941
0.0721105
0.767626
0.33868
0.79181
0.999851
0.0950805
0.708177
0.885802
0.598255
0.621233
0.105197
0.130046
0.501935
0.516045
0.448845
0.554363
0.425633
0.537597
0.976183
0.33581
0.0915342
0.271089
0.423862
0.30197
0.337337
0.692154
0.0513027
0.207049
0.0169744
0.173846
0.170122
0.0275296
0.512599
0.922974
0.152269
0.826307
0.489521
0.843199
0.234987
0.603165
0.997231
0.944151
0.220217
0.216525
0.711772
0.68064
0.602905
0.960459
0.621989
0.540803
0.430259
0.700713
0.855141
0.65006
0.250609
0.14362
0.67509
0.419155
0.469633
0.705306
0.77155
0.624935
0.896177
0.593915
0.356578
0.966064
0.476501
0.202276
0.871691
0.612601
0.423511
0.308519
0.748234
0.40486
0.247279
0.95299
0.670495
0.344306
0.710437
0.700659
0.525927
0.726016
0.900822
0.555865
0.555221
0.128566
0.96408
0.0793198
0.0169523
0.506799
0.522414
0.240027
0.500097
0.143544
0.88148
0.454969
0.469547
0.681177
0.414809
0.885362
0.327789
0.986376
0.516354
0.768094
0.220041
0.628529
0.221225
0.991843
0.353909
0.637048
0.640673
0.611276
0.128766
0.391589
0.141197
0.624543
0.0794364
0.793974
0.919161
0.58664
0.00972958
0.219395
0.0898048
0.261927
0.492021
0.325205
0.44991
0.722935
0.494762
0.0432479
0.270543
0.963776
0.819235
0.318707
0.45083
0.132339
0.699643
0.505741
0.224132
0.368005
0.450391
0.733918
0.538609
0.0625446
0.638296
0.021941
0.989682
0.125156
0.6232
0.792933
0.294459
0.313482
0.497275
0.521624
0.191502
0.318697
0.198813
0.364507
0.470991
0.888855
0.455678
0.494481
0.340113
0.742361
0.0101489
0.296817
0.343853
0.648386
0.578539
0.855729
0.478715
0.635966
0.90946
0.0207195
0.257876
0.939396
0.978512
0.691016
0.0730238
0.212454
0.0424098
0.671988
0.319369
0.801447
0.755745
0.709251
0.278416
0.153425
0.347647
0.240124
0.469128
0.689024
0.286049
0.386352
0.0198211
0.557009
0.691817
0.404403
0.50911
0.207622
0.014842
0.0378507
0.0501941
0.778978
0.470364
0.3641
0.958013
0.702591
0.271904
0.588295
0.315812
0.396547
0.725322
0.869208
0.868444
0.552445
0.0377334
0.335211
0.0736254
0.399652
0.0889566
0.759183
0.762708
0.712457
0.494799
0.329966
0.643566
0.649915
0.918952
0.550885
0.737078
0.558989
0.984804
0.67923
0.533645
0.682228
0.99988
0.186271
0.562044
0.187006
0.466161
0.584566
0.921004
0.697187
0.68285
0.437447
0.505606
0.963308
0.723145
0.386123
0.728503
0.511777
0.800679
0.967971
0.862162
0.050309
0.0447922
0.895733
0.87153
0.881663
0.736419
0.914849
0.145928
0.666525
0.228548
0.77307
0.208643
0.698983
0.211166
0.646854
0.575356
0.5469
0.246008
0.825296
0.492439
0.349074
0.938372
0.847559
0.590571
0.803287
0.670227
0.804641
0.667256
0.548462
0.547018
0.516813
0.21274
0.461339
0.414191
0.584522
0.996824
0.466546
0.460091
0.213834
0.232104
0.511536
0.842004
0.645769
0.386008
0.284499
0.0748301
0.553727
0.994037
0.188543
0.157338
0.598897
0.754928
0.0274582
0.181279
0.832138
0.359956
0.248784
0.704928
0.962079
0.896481
0.615675
0.722741
0.607991
0.136152
0.178071
0.965938
0.417957
0.394249
0.414954
0.0776668
0.489747
0.128368
0.304589
0.544592
0.313512
0.271429
0.173598
0.0400603
0.844444
0.194071
0.940847
0.91028
0.0101182
0.441791
0.965941
0.486929
0.62666
0.80406
0.561244
0.843155
0.403848
0.573179
0.1416
0.227708
0.514621
0.192343
0.388585
0.230408
0.33697
0.404272
0.912115
0.808932
0.17603
0.929776
0.403569
0.638966
0.569173
0.936491
0.921818
0.899194
0.782174
0.331767
0.162025
0.566528
0.0741554
0.276203
0.726454
0.875635
0.719379
0.825694
0.549074
0.159433
0.803992
0.895591
0.95201
0.0113295
0.719938
0.801247
0.935562
0.824227
0.192384
0.555474
0.576513
0.553399
0.472118
0.63755
0.0315828
0.480235
0.280351
0.638267
0.545404
0.914572
0.779978
0.982051
0.73838
0.170632
0.141737
0.0224801
0.598324
0.979353
0.361735
0.646048
0.0812556
0.214399
0.678579
0.138211
0.325597
0.172172
0.299517
0.582358
0.109137
0.688894
0.634122
0.680997
0.587742
0.520625
0.226346
0.587701
0.26344
0.452799
0.723791
0.922962
0.825656
0.107732
0.778129
0.268663
0.649322
0.652448
0.197059
0.00923547
0.395274
0.539652
0.776781
0.0565145
0.470953
0.319235
0.317222
0.539343
0.795473
0.352703
0.442676
0.264024
0.555795
0.995496
0.962661
0.0738358
0.336056
0.997293
0.666485
0.915448
0.0379781
0.0547632
0.334074
0.167088
0.72083
0.887501
0.912078
0.685204
0.290808
0.599877
0.645277
0.81545
0.874615
0.926029
0.932462
0.250503
0.50088
0.3533
0.539755
0.981244
0.337971
0.861259
0.363997
0.463708
0.040966
0.933765
0.45623
0.218644
0.0302386
0.00674186
0.731405
0.498015
0.610891
0.73118
0.675431
0.84864
0.454879
0.98008
0.514196
0.771312
0.652282
0.397222
0.880418
0.580238
0.490906
0.364699
0.538117
0.183194
0.36377
0.550345
0.945221
0.371862
0.683427
0.992829
0.180561
0.547102
0.277419
0.81071
0.523605
0.500283
0.0960095
0.969608
0.745479
0.368008
0.361361
0.0734284
0.358219
0.815422
0.774504
0.2608
0.217048
0.488323
0.785129
0.461035
0.175936
0.0384462
0.139692
0.937714
0.57769
0.472071
0.449556
0.441248
0.943856
0.730393
0.450789
0.0026747
0.193437
0.923341
0.876645
0.108702
0.208391
0.943806
0.774633
0.643574
0.744251
0.794708
0.510896
0.571493
0.809865
0.340268
0.511089
0.640744
0.565003
0.846511
0.538923
0.173303
0.391533
0.0272758
0.747899
0.956244
0.901447
0.666513
0.599842
0.711887
0.444139
0.523265
0.590082
0.715553
0.384417
0.977684
0.660218
0.204867
0.781658
0.427415
0.724396
0.108812
0.0077941
0.304993
0.552904
0.23599
0.529158
0.154315
0.679084
0.761198
0.771349
0.0906221
0.276964
0.256561
0.243331
0.313498
0.302215
0.901166
0.719056
0.446416
0.318069
0.601082
0.61386
0.545953
0.668539
0.218862
0.982658
0.0208607
0.411946
0.792072
0.44402
0.256698
0.316877
0.372328
0.751878
0.641312
0.900781
0.65175
0.480498
0.360664
0.430102
0.232622
0.556153
0.20606
0.890111
0.191581
0.601636
0.37126
0.992437
0.220954
0.896251
0.0457508
0.215943
0.721018
0.49097
0.599796
0.960523
0.709664
0.171609
0.325447
0.960447
0.169625
0.426545
0.388276
0.843157
0.769932
0.449707
0.0747049
0.0546791
0.807139
0.649851
0.348607
0.963944
0.654042
0.216942
0.199539
0.425556
0.571526
0.466249
0.253318
0.961248
0.0493624
0.465032
0.722223
0.35788
0.656683
0.122591
0.0478831
0.338476
0.733735
0.304125
0.241649
0.927879
0.681661
0.978442
0.0670787
0.5256
0.284974
0.845206
0.794084
0.865074
0.516994
0.308205
0.949592
0.665064
0.301514
0.993649
0.57128
0.459377
0.0285754
0.709109
0.927279
0.868042
0.417203
0.30038
0.253286
0.687932
0.0596094
0.435685
0.00641684
0.176974
0.142529
0.113391
0.0121983
0.782493
0.448353
0.295305
0.315112
0.199489
0.984038
0.810322
0.317668
0.81221
0.756978
0.89905
0.841341
0.768858
0.0502278
0.18257
0.695945
0.381931
0.721736
0.239589
0.722129
0.0701669
0.324614
0.970025
0.345798
0.858406
0.361765
0.655326
0.375986
0.962171
0.0941585
0.449216
0.421235
0.230812
0.490393
0.670871
0.0822634
0.328593
0.448463
0.2391
0.244019
0.128949
0.47286
0.739645
0.668201
0.962701
0.631078
0.561506
0.575978
0.0169518
0.680685
0.105061
0.122788
0.778351
0.975206
0.515573
0.362852
0.508757
0.753606
0.045949
0.629804
0.195863
0.360102
0.734182
0.0816088
0.354516
0.959154
0.132886
0.196769
0.858777
0.0857398
0.602771
0.120112
0.320685
0.950612
0.288643
0.933443
0.404193
0.929495
0.45434
0.632445
0.682763
0.181788
0.980278
0.598817
0.23961
0.411639
0.719873
0.735083
0.45969
0.419339
0.375194
0.245987
0.273989
0.322245
0.309679
0.0179231
0.999051
0.608525
0.323623
0.470137
0.137516
0.995154
0.763583
0.71786
0.515625
0.0880394
0.271188
0.3757
0.0730406
0.76479
0.680904
0.769834
0.315749
0.847585
0.877283
0.309879
0.74433
0.996931
0.721981
0.182824
0.301309
0.418305
0.0743817
0.0170932
0.57619
0.953999
0.155891
0.140816
0.633677
0.470255
0.969365
0.176426
0.215856
0.470586
0.509241
0.408794
0.326191
0.839623
0.421828
0.12059
0.16116
0.124265
0.698448
0.646476
0.446905
0.54594
0.928855
0.130429
0.483073
0.359377
0.527969
0.895683
0.671922
0.773147
0.183024
0.561128
0.970299
0.151659
0.844425
0.220837
0.491351
0.532297
0.910449
0.777503
0.653388
0.332022
0.715442
0.0531145
0.316444
0.520727
0.289513
0.350981
0.289273
0.747424
0.439536
0.129932
0.349923
0.219441
0.615774
0.249708
0.68707
0.716492
0.598944
0.223423
0.0191388
0.943437
0.842011
0.153108
0.930336
0.540838
0.404242
0.655963
0.358996
0.228981
0.696286
0.14149
0.0811142
0.967866
0.452723
0.124959
0.465314
0.024016
0.410556
0.239067
0.692648
0.0601943
0.865532
0.69787
0.295004
0.632992
0.831181
0.766344
0.872898
0.85502
0.99057
0.246944
0.9056
0.613603
0.158044
0.960372
0.938776
0.253347
0.267568
0.960515
0.803584
0.114352
0.0160228
0.993943
0.710758
0.721015
0.10837
0.336611
0.778551
0.795069
0.799151
0.591197
0.0737127
0.561011
0.689789
0.803083
0.925872
0.817777
0.866355
0.657319
0.548371
0.701547
0.612879
0.51892
0.982148
0.162043
0.136553
0.258422
0.398127
0.140725
0.359554
0.903504
0.658901
0.409833
0.258741
0.981653
0.383921
0.0475119
0.952876
0.835376
0.522053
0.502693
0.305937
0.466204
0.938662
0.190997
0.93912
0.990612
0.529676
0.109635
0.7604
0.0830483
0.269523
0.788545
0.994089
0.922392
0.106834
0.438723
0.53746
0.477407
0.547092
0.699536
0.0958224
0.142452
0.347394
0.142305
0.0613369
0.541863
0.368699
0.254758
0.229734
0.525625
0.513784
0.376313
0.0878906
0.497934
0.61926
0.349094
0.707622
0.970077
0.142205
0.93139
0.247413
0.101078
0.140581
0.0634551
0.600538
0.631056
0.137289
0.0449433
0.321343
0.946831
0.990954
0.236669
0.0392722
0.710818
0.973434
0.985113
0.465299
0.194134
0.679684
0.951109
0.772305
0.000899097
0.629002
0.890838
0.699052
0.215559
0.737497
0.801631
0.711632
0.157734
0.368681
0.346653
0.0777678
0.238029
0.931053
0.920788
0.0918898
0.895364
0.0683018
0.776348
0.47118
0.994285
0.198888
0.648981
0.706577
0.778314
0.854751
0.116259
0.200289
0.522546
0.456035
0.185226
0.490847
0.0367564
0.0729691
0.574632
0.199201
0.73812
0.234957
0.559255
0.504894
0.477752
0.47069
0.0705629
0.302775
0.745912
0.642262
0.32004
0.324012
0.329961
0.997754
0.970629
0.866303
0.648957
0.566744
0.918696
0.126149
0.593144
0.140512
0.701733
0.498678
0.872772
0.43554
0.953115
0.270557
0.30368
0.676918
0.69435
0.0227443
0.692895
0.405346
0.153414
0.176421
0.330466
0.186273
0.0346935
0.726308
0.101065
0.152832
0.50557
0.161937
0.886689
0.758086
0.646286
0.638837
0.508176
0.881709
0.921632
0.91364
0.777472
0.373668
0.644604
0.282048
0.592836
0.333655
0.553937
0.18908
0.350932
0.250091
0.02032
0.714049
0.89218
0.868753
0.404734
0.800678
0.29985
0.28111
0.132885
0.53902
0.274277
0.314438
0.178773
0.747532
0.150564
0.556303
0.681125
0.855837
0.150319
0.89563
0.426381
0.33008
0.12589
0.22046
0.413942
0.579158
0.855969
0.052065
0.650353
0.248562
0.687726
0.1221
0.464238
0.69576
0.110964
0.617354
0.0800066
0.712992
0.939043
0.00785815
0.449266
0.857549
0.520458
0.544423
0.388712
0.177259
0.77097
0.208923
0.884743
0.604073
0.181298
0.680773
0.767052
0.466931
0.553695
0.351675
0.203148
0.91822
0.802642
0.29344
0.0608149
0.037057
0.914418
0.841958
0.286347
0.417201
0.237207
0.939017
0.820099
0.00606829
0.0314908
0.106651
0.65547
0.4346
0.11851
0.960162
0.0959638
0.695889
0.442167
0.397881
0.0186318
0.53347
0.771904
0.903648
0.567935
0.678649
0.996135
0.358941
0.386248
0.449011
0.316242
0.0662986
0.645499
0.588223
0.76837
0.593834
0.418494
0.680061
0.349743
0.540458
0.915871
0.869044
0.116493
0.536599
0.329403
0.778058
0.354788
0.941309
0.331106
0.446482
0.450865
0.227846
0.16517
0.0225405
0.0111466
0.759362
0.690506
0.221342
0.76969
0.198059
0.116226
0.675511
0.900806
0.664102
0.0781575
0.877417
0.70153
0.364212
0.933355
0.430305
0.0135122
0.462329
0.785064
0.969994
0.949273
0.462386
0.990408
0.735698
0.869812
0.0609883
0.197516
0.112977
0.78094
0.0254088
0.766561
0.315901
0.298189
0.511754
0.214334
0.865581
0.120168
0.327231
0.99817
0.91658
0.797596
0.181312
0.738936
0.244691
0.896438
0.679494
0.399695
0.356145
0.474564
0.542955
0.40035
0.0348048
0.743899
0.712057
0.75125
0.345229
0.955199
0.269958
0.468134
0.04193
0.900403
0.0649926
0.81443
0.733793
0.0627328
0.702336
0.746498
0.0703526
0.601057
0.11005
0.968051
0.87499
0.606978
0.35859
0.0552505
0.196671
0.680293
0.698569
0.36779
0.642688
0.910007
0.937814
0.366926
0.387371
0.665939
0.300907
0.243202
0.338297
0.516823
0.226006
0.87735
0.47052
0.734544
0.628003
0.236427
0.027758
0.0334162
0.813314
0.532253
0.883313
0.931556
0.534827
0.532591
0.270905
0.777299
0.897139
0.10958
0.644108
0.55544
0.459442
0.422071
0.297531
0.772765
0.525173
0.319141
0.55039
0.0782318
0.51146
0.104093
0.347369
0.240741
0.701959
0.0195113
0.966396
0.0147216
0.660537
0.0759421
0.144522
0.332627
0.308614
0.471515
0.250448
0.930147
0.447835
0.370017
0.0557712
0.790437
0.774805
0.417454
0.574092
0.554012
0.853521
0.000412542
0.278123
0.626027
0.783349
0.322871
0.0407394
0.0837574
0.81652
0.343815
0.39286
0.0733429
0.79386
0.288634
0.130297
0.56757
0.535221
0.256811
0.155849
0.883793
0.998346
0.218481
0.985773
0.203353
0.133001
0.224615
0.600569
0.755925
0.410236
0.285696
0.365319
0.669169
0.794599
0.768452
0.125392
0.392783
0.00808312
0.425299
0.837071
0.469389
0.185763
0.316022
0.624447
0.322306
0.594906
0.261179
0.120301
0.445059
0.25014
0.804644
0.337137
0.71426
0.64424
0.828869
0.315751
0.78779
0.780955
0.212208
0.338812
0.239079
0.0617503
0.424579
0.594653
0.523253
0.620879
0.284779
0.227553
0.807308
0.0529851
0.653225
0.101064
0.143504
0.764068
0.495286
0.608487
0.684174
0.476499
0.517684
0.929846
0.318117
0.826259
0.635634
0.135848
0.589707
0.0829455
0.84359
0.879916
0.803731
0.940561
0.934918
0.472792
0.108703
0.278737
0.314932
0.448859
0.658113
0.153332
0.16841
0.714233
0.214693
0.585328
0.906113
0.581598
0.0684531
0.155314
0.997568
0.664415
0.103831
0.677385
0.0813905
0.867781
0.0565905
0.399845
0.924004
0.451854
0.880999
0.537988
0.442516
0.653146
0.137445
0.842886
0.754088
0.668804
0.428377
0.536451
0.182154
0.322271
0.149726
0.691489
0.82616
0.939085
0.434632
0.286239
0.640696
0.640597
0.819424
0.673287
0.752574
0.84588
0.611145
0.0879229
0.846144
0.568487
0.670326
0.28858
0.0798862
0.665647
0.376335
0.9226
0.538497
0.465632
0.717943
0.68466
0.476515
0.861215
0.898808
0.136213
0.172574
0.284483
0.715941
0.102225
0.660061
0.982857
0.583089
0.352547
0.872452
0.223855
0.942835
0.894885
0.85581
0.362336
0.447932
0.0241226
0.905622
0.384373
0.771513
0.708416
0.0664905
0.414228
0.513831
0.790063
0.651573
0.496106
0.0398039
0.353079
0.971593
0.318242
0.784209
0.58928
0.972719
0.851779
0.801928
0.940016
0.400213
0.46999
0.0207091
0.931889
0.676775
0.927691
0.446952
0.178125
0.453375
0.181206
0.593874
0.00372944
0.910094
0.978586
0.0168492
0.915261
0.395121
0.79458
0.856163
0.62381
0.377056
0.61931
0.96169
0.440628
0.269793
0.499959
0.901001
0.0104785
0.0646704
0.145981
0.135126
0.971864
0.110946
0.054848
0.361017
0.534922
0.443717
0.00969055
0.488939
0.918195
0.689899
0.617892
0.271543
0.305219
0.0952004
0.862224
0.641162
0.618588
0.641425
0.608982
0.722833
0.0410986
0.69575
0.0882349
0.913328
0.285243
0.508729
0.195484
0.435147
0.709274
0.084205
0.679878
0.154049
0.285758
0.238902
0.320803
0.840063
0.200717
0.61978
0.0770254
0.749979
0.793904
0.084736
0.573879
0.390336
0.0169205
0.796381
0.105898
0.0429644
0.0249292
0.463594
0.958432
0.0878224
0.885773
0.627833
0.928025
0.668371
0.442725
0.0686681
0.81656
0.14887
0.661532
0.0500301
0.0465732
0.301807
0.698421
0.16715
0.311933
0.617255
0.0177751
0.183886
0.813751
0.153433
0.747596
0.835903
0.951919
0.141261
0.709612
0.106253
0.0436254
0.392144
0.392789
0.0197058
0.680488
0.103638
0.389954
0.206572
0.183575
0.515694
0.423415
0.86794
0.493423
0.734899
0.177028
0.628839
0.928589
0.323797
0.108815
0.949334
0.610856
0.043351
0.323178
0.31603
0.966204
0.561377
0.500132
0.971783
0.611187
0.26402
0.100429
0.409514
0.88383
0.779002
0.390308
0.205436
0.385723
0.387749
0.651491
0.151269
0.546293
0.0760004
0.826301
0.492946
0.527931
0.161239
0.284165
0.591217
0.099579
0.00750789
0.936401
0.136143
0.060643
0.744688
0.53038
0.0819067
0.322152
0.973148
0.866391
0.0244077
0.100929
0.399612
0.30664
0.239609
0.00355789
0.606236
0.241194
0.844347
0.0503259
0.926
0.342011
0.113963
0.960862
0.425497
0.93414
0.395805
0.74603
0.402704
0.507135
0.279604
0.331687
0.569278
0.910415
0.332611
0.616434
0.582191
0.570642
0.807957
0.653764
0.80994
0.561576
0.603741
0.115791
0.589168
0.391527
0.951863
0.738482
0.635402
0.465377
0.0332142
0.976012
0.140579
0.802505
0.265643
0.0558857
0.920566
0.390114
0.458845
0.405964
0.521382
0.433777
0.449725
0.409295
0.750612
0.907656
0.211287
0.870424
0.903751
0.627243
0.0917129
0.872471
0.477892
0.910039
0.421102
0.0675562
0.860341
0.519896
0.130799
0.56134
0.631198
0.144731
0.803526
0.997478
0.977453
0.72403
0.0227953
0.352137
0.15861
0.989833
0.454668
0.131615
0.198204
0.313282
0.260661
0.688748
0.647329
0.633358
0.627208
0.178801
0.816509
0.229068
0.118942
0.567913
0.437414
0.474487
0.583011
0.878744
0.248616
0.451761
0.767068
0.774492
0.208789
0.576076
0.959473
0.317947
0.0166847
0.155398
0.13951
0.0888519
0.332463
0.0300504
0.0441695
0.290102
0.512251
0.0557055
0.915663
0.614622
0.876091
0.877849
0.252747
0.935907
0.0596483
0.134771
0.530162
0.433495
0.89541
0.437932
0.432876
0.429761
0.728667
0.908896
0.0922479
0.146482
0.715151
0.312772
0.422861
0.828367
0.363789
0.428142
0.665458
0.897473
0.951122
0.265145
0.428953
0.830312
0.660361
0.0304527
0.823392
0.869256
0.926662
0.236872
0.473354
0.819602
0.491997
0.081698
0.350376
0.593787
0.90754
0.178809
0.860694
0.217843
0.698836
0.88487
0.191907
0.757667
0.872571
0.946088
0.303296
0.870299
0.384981
0.552945
0.909662
0.252466
0.552013
0.111286
0.941064
0.66674
0.0592474
0.773277
0.605934
0.111244
0.0151595
0.85713
0.0893025
0.566034
0.884734
0.970758
0.775809
0.123855
0.460378
0.761703
0.652113
0.194506
0.108252
0.152791
0.263963
0.0718642
0.964177
0.87378
0.571128
0.619663
0.09982
0.178364
0.075816
0.148394
0.0432842
0.105359
0.979292
0.261639
0.280752
0.546597
0.0858627
0.458499
0.8532
0.459629
0.335023
0.842435
0.713939
0.366274
0.796307
0.6397
0.0664378
0.647774
0.00775678
0.3183
0.910098
0.732177
0.524747
0.245981
0.877394
0.186621
0.742623
0.322927
0.735236
0.112514
0.81588
0.844469
0.0772519
0.850753
0.877706
0.119011
0.839465
0.00618499
0.926292
0.791219
0.494938
0.80004
0.695657
0.737873
0.233248
0.759716
0.0893183
0.828864
0.0131896
0.960462
0.973713
0.492487
0.548421
0.447826
0.94268
0.314795
0.687239
0.37714
0.367718
0.128369
0.238705
0.241791
0.52218
0.0839759
0.815002
0.64993
0.896113
0.730531
0.548878
0.495169
0.274829
0.773328
0.730224
0.925741
0.444892
0.247072
0.951504
0.152836
0.460426
0.0127585
0.336002
0.13451
0.709011
0.413429
0.232944
0.268361
0.844723
0.368306
0.645424
0.0686695
0.774174
0.0510904
0.494419
0.955032
0.033188
0.18023
0.578916
0.690898
0.967185
0.164857
0.715165
0.530916
0.95701
0.350874
0.574475
0.998723
0.895374
0.716879
0.517089
0.415228
0.0779213
0.735178
0.564311
0.797471
0.185022
0.0677658
0.363061
0.748237
0.41866
0.985024
0.904951
0.985566
0.709818
0.82957
0.499715
0.495924
0.895104
0.82513
0.429669
0.902016
0.502264
0.924136
0.713406
0.250803
0.404378
0.681021
0.922396
0.648176
0.960402
0.697397
0.526848
0.265109
0.272859
0.0190053
0.676839
0.207687
0.562828
0.39972
0.449098
0.489249
0.321828
0.412939
0.604314
0.742956
0.643247
0.305172
0.472355
0.192472
0.990536
0.40225
0.660343
0.863923
0.428393
0.786672
0.0553934
0.102253
0.0614479
0.592175
0.487865
0.570124
0.194946
0.548969
0.643376
0.210552
0.890226
0.602269
0.741555
0.825877
0.690012
0.444176
0.463708
0.0485327
0.943584
0.649814
0.051418
0.930073
0.617971
0.461642
0.00779022
0.585039
0.870002
0.33219
0.624954
0.725424
0.293787
0.337084
0.324817
0.949371
0.612881
0.723112
0.419523
0.379968
0.987874
0.848186
0.108658
0.690819
0.724693
0.680038
0.742435
0.980859
0.9067
0.581767
0.136466
0.245947
0.475878
0.0621227
0.405675
0.552007
0.0105555
0.718106
0.606316
0.465693
0.802186
0.891167
0.658653
0.400954
0.427439
0.629686
0.657041
0.789612
0.202346
0.477644
0.609817
0.530702
0.962212
0.345805
0.898136
0.632316
0.581814
0.977857
0.233446
0.417033
0.757961
0.725061
0.782243
0.50198
0.582293
0.758028
0.168932
0.637697
0.0237195
0.528149
0.818547
0.375948
0.808822
0.544055
0.0739061
0.655312
0.393305
0.117044
0.0223477
0.877143
0.355015
0.745865
0.92772
0.455093
0.500819
0.446362
0.855017
0.342886
0.904571
0.893374
0.931887
0.637516
0.552585
0.121656
0.197365
0.46175
0.638048
0.760962
0.324664
0.111068
0.779277
0.0648531
0.0796902
0.092511
0.565848
0.229595
0.928572
0.526628
0.958855
0.484317
0.706206
0.04342
0.0489012
0.21293
0.437124
0.664051
0.0607892
0.930085
0.625001
0.495637
0.733574
0.620415
0.380867
0.0912145
0.866224
0.351721
0.217065
0.966992
0.193789
0.928072
0.218552
0.701465
0.850212
0.0519099
0.511302
0.0110029
0.72115
0.869658
0.507635
0.337456
0.96565
0.851357
0.786837
0.982938
0.398523
0.083394
0.486745
0.394659
0.357479
0.926929
0.868451
0.443106
0.46889
0.878162
0.0423308
0.804769
0.606277
0.184056
0.663972
0.990709
0.15923
0.498407
0.47594
0.416776
0.483061
0.298662
0.65887
0.0821688
0.365478
0.714503
0.758058
0.879961
0.544712
0.42252
0.871152
0.793037
0.910544
0.798428
0.176661
0.452229
0.731048
0.387025
0.34632
0.574425
0.423892
0.793602
0.793799
0.626868
0.946915
0.514219
0.640402
0.700741
0.476949
0.0499085
0.226824
0.87422
0.864688
0.584076
0.864066
0.842351
0.907883
0.663176
0.216826
0.022916
0.118788
0.385234
0.674403
0.724497
0.189572
0.725191
0.783061
0.485986
0.165842
0.113069
0.155886
0.934728
0.583421
0.381624
0.193431
0.78231
0.818806
0.800783
0.124433
0.146169
0.724168
0.626837
0.813227
0.415131
0.928879
0.969504
0.23717
0.60379
0.746379
0.225843
0.860827
0.803559
0.892217
0.699211
0.582673
0.377211
0.229278
0.513882
0.784853
0.270368
0.553119
0.0245793
0.860118
0.425836
0.759487
0.566321
0.430939
0.102044
0.760053
0.435686
0.374868
0.869101
0.677103
0.454162
0.383255
0.780905
0.0505218
0.0829405
0.699905
0.472661
0.489166
0.301158
0.989373
0.97356
0.660038
0.767202
0.613007
0.6993
0.861804
0.593688
0.433902
0.704819
0.950917
0.143413
0.892566
0.574488
0.538772
0.0170661
0.0320991
0.753491
0.378416
0.113892
0.700844
0.842759
0.275688
0.607457
0.913105
0.0152727
0.975433
0.229568
0.980629
0.185131
0.0302046
0.119304
0.223594
0.200898
0.73703
0.404016
0.34422
0.582913
0.0428766
0.274158
0.559703
0.497128
0.404708
0.936657
0.814855
0.249586
0.000128873
0.0404531
0.590311
0.451852
0.362635
0.96318
0.0578009
0.956277
0.329134
0.418026
0.844116
0.276898
0.173477
0.654117
0.430469
0.715597
0.502894
0.22614
0.14588
0.209875
0.833068
0.247171
0.0623287
0.67533
0.715466
0.128752
0.238155
0.54968
0.00839879
0.241804
0.717646
0.0759171
0.4222
0.871424
0.451504
0.742195
0.272073
0.980305
0.852063
0.902052
0.152149
0.75251
0.817862
0.915535
0.432765
0.726211
0.382524
0.265128
0.57396
0.673959
0.373522
0.325128
0.235598
0.170807
0.27857
0.114987
0.699129
0.208121
0.645789
0.208304
0.727551
0.687427
0.194315
0.893611
0.519567
0.163286
0.467851
0.681403
0.28708
0.548546
0.668545
0.955628
0.098979
0.561542
0.319268
0.150534
0.804992
0.25966
0.943946
0.614355
0.970166
0.601353
0.3438
0.383594
0.790196
0.323265
0.906918
0.0697823
0.501793
0.209905
0.754553
0.92803
0.723307
0.617223
0.320002
0.427672
0.138137
0.000404675
0.0205482
0.977954
0.401937
0.363585
0.21077
0.910115
0.694548
0.588828
0.19539
0.794907
0.274245
0.834815
0.174214
0.682049
0.657084
0.7359
0.946521
0.996979
0.910023
0.48027
0.153058
0.281077
0.128365
0.0368925
0.764814
0.47886
0.855516
0.836437
0.094514
0.56841
0.23314
0.275439
0.350762
0.504105
0.72667
0.728944
0.0391152
0.650674
0.42032
0.104337
0.905116
0.294978
0.65828
0.310596
0.129793
0.231485
0.887489
0.70971
0.210739
0.959643
0.698355
0.948061
0.315686
0.438485
0.26906
0.265088
0.791417
0.455903
0.674287
0.532639
0.149768
0.951267
0.0394071
0.26342
0.483475
0.999239
0.639451
0.889788
0.6426
0.500123
0.151321
0.821677
0.149022
0.0891361
0.50821
0.800701
0.127037
0.0381823
0.094396
0.367482
0.307056
0.79102
0.486993
0.814229
0.586236
0.771275
0.746453
0.690981
0.456958
0.973614
0.564546
0.160326
0.757319
0.493001
0.308784
0.367281
0.711571
0.828306
0.590016
0.192049
0.474356
0.522316
0.530221
0.633586
0.995541
0.274651
0.624433
0.00751409
0.894009
0.554723
0.547537
0.504349
0.143248
0.984137
0.67616
0.130763
0.515788
0.843897
0.753626
0.72769
0.333473
0.809506
0.728366
0.0501451
0.528505
0.824114
0.326212
0.70341
0.445992
0.710732
0.733967
0.902432
0.357834
0.111054
0.77335
0.0552174
0.972196
0.0648918
0.486585
0.245082
0.518946
0.313252
0.985818
0.813205
0.399379
0.67415
0.0281692
0.370172
0.826381
0.946597
0.695463
0.428424
0.307473
0.375826
0.0651955
0.714665
0.438291
0.181294
0.0416865
0.0665676
0.0707241
0.290993
0.122581
0.25358
0.940263
0.736929
0.409801
0.532609
0.119841
0.697416
0.500932
0.109394
0.0602398
0.0209571
0.175914
0.363873
0.90715
0.562341
0.238529
0.839205
0.712535
0.370528
0.464247
0.951427
0.212101
0.924745
0.504043
0.929596
0.863758
0.0118077
0.465243
0.15758
0.690143
0.345756
0.177971
0.716876
0.0345618
0.629984
0.0702297
0.121074
0.743442
0.00572839
0.359413
0.934355
0.878279
0.803368
0.930259
0.998098
0.704908
0.687854
0.257159
0.402484
0.288601
0.648043
0.0616154
0.38171
0.192521
0.344443
0.389276
0.708049
0.515251
0.866305
0.751245
0.160531
0.964613
0.285676
0.622295
0.101382
0.133643
0.686917
0.91125
0.87251
0.426846
0.347863
0.0385809
0.55846
0.397255
0.204772
0.852846
0.851298
0.224792
0.80672
0.22232
0.659301
0.0416903
0.11433
0.490043
0.548537
0.580842
0.643429
0.0311768
0.104788
0.911325
0.0805277
0.736518
0.749045
0.146927
0.490554
0.381667
0.372485
0.78463
0.192517
0.445734
0.0657393
0.285663
0.328553
0.292862
0.794814
0.384021
0.652728
0.611301
0.536028
0.825705
0.506661
0.670085
0.997784
0.48386
0.739066
0.778774
0.0960322
0.953868
0.589069
0.790066
0.775903
0.52788
0.995036
0.697881
0.956478
0.777134
0.482998
0.184827
0.592166
0.752643
0.768362
0.926937
0.323045
0.933788
0.321092
0.900025
0.849089
0.575066
0.97117
0.672561
0.492783
0.825438
0.507666
0.647955
0.181688
0.831125
0.0211196
0.618711
0.0208724
0.190881
0.56301
0.451734
0.882147
0.75457
0.838982
0.4542
0.899098
0.464391
0.140634
0.255984
0.753264
0.212964
0.893687
0.814796
0.682011
0.510747
0.551379
0.533081
0.830452
0.92641
0.680225
0.701878
0.587004
0.279173
0.923865
0.814268
0.943649
0.43994
0.133598
0.643617
0.671461
0.341549
0.505958
0.699108
0.278756
0.285022
0.939902
0.847901
0.339083
0.787142
0.104105
0.255674
0.695033
0.300168
0.300106
0.688085
0.780219
0.0635164
0.0926364
0.83017
0.575099
0.147117
0.930267
0.021777
0.408376
0.355142
0.808468
0.847369
0.347064
0.390396
0.586136
0.931626
0.221265
0.15528
0.334738
0.437014
0.225127
0.98247
0.912745
0.377492
0.469765
0.190649
0.474173
0.434662
0.0203112
0.672699
0.258029
0.0536593
0.54928
0.287469
0.485235
0.247585
0.101233
0.872329
0.863083
0.719411
0.634754
0.975888
0.810545
0.677347
0.799343
0.0134622
0.129752
0.928808
0.378374
0.926157
0.438285
0.0338411
0.0646448
0.905469
0.330405
0.332282
0.653127
0.938082
0.545528
0.122071
0.513982
0.479437
0.543748
0.677387
0.559423
0.0710785
0.54685
0.408584
0.724323
0.434901
0.7932
0.0470744
0.517788
0.243839
0.630253
0.923432
0.694213
0.654971
0.0549342
0.170422
0.910691
0.517547
0.130518
0.533995
0.19676
0.863451
0.651204
0.0712494
0.467321
0.754321
0.0325912
0.97427
0.96771
0.689495
0.713937
0.975558
0.30619
0.0880792
0.837218
0.155004
0.208326
0.422805
0.013498
0.617602
0.290891
0.304558
0.546707
0.896522
0.145839
0.0721714
0.864085
0.312259
0.550168
0.230471
0.828299
0.290072
0.820408
0.824265
0.171808
0.610305
0.861247
0.00899731
0.857398
0.325117
0.429398
0.65086
0.190318
0.986297
0.722746
0.391376
0.687392
0.825261
0.556966
0.0318056
0.525931
0.333642
0.578315
0.629296
0.977181
0.88782
0.0881535
0.551404
0.102058
0.457943
0.89193
0.76671
0.620038
0.749208
0.693496
0.803457
0.0916436
0.0980501
0.815857
0.265434
0.9023
0.71053
0.728604
0.656482
0.93293
0.267477
0.815987
0.481726
0.353997
0.228346
0.873539
0.0505558
0.363742
0.647113
0.335443
0.872759
0.433132
0.141243
0.365586
0.505467
0.825707
0.647539
0.692004
0.218445
0.167303
0.619535
0.223602
0.222177
0.418754
0.100019
0.281876
0.0548774
0.627975
0.503679
0.355266
0.866725
0.983581
0.379993
0.300323
0.984365
0.363465
0.715583
0.694248
0.469404
0.972694
0.179727
0.218344
0.882415
0.867004
0.247266
0.188766
0.162452
0.631392
0.685703
0.929307
0.135926
0.985901
0.26049
0.27809
0.592883
0.203427
0.648018
0.93205
0.72965
0.442253
0.108513
0.96133
0.269963
0.611643
0.229069
0.59574
0.0562294
0.861846
0.523983
0.848733
0.318374
0.102012
0.20073
0.615778
0.49891
0.765527
0.614888
0.215415
0.0507897
0.690912
0.431
0.27235
0.376813
0.0995413
0.216157
0.340594
0.759111
0.92721
0.224304
0.158921
0.505923
0.0724689
0.0683588
0.263096
0.388564
0.931824
0.986308
0.768615
0.190914
0.211382
0.612129
0.952198
0.67302
0.840399
0.729708
0.865033
0.600137
0.994442
0.190274
0.382782
0.449031
0.618907
0.872077
0.236309
0.104134
0.939238
0.6622
0.328565
0.308431
0.600441
0.215602
0.152171
0.608834
0.521204
0.860676
0.701926
0.435588
0.282656
0.815265
0.801183
0.785166
0.196588
0.456121
0.515465
0.204258
0.104624
0.268018
0.714862
0.834413
0.163988
0.281767
0.736428
0.428531
0.585473
0.864931
0.0144105
0.96437
0.169794
0.95208
0.778369
0.441236
0.0948378
0.421698
0.377052
0.252524
0.844144
0.934758
0.531137
0.946585
0.37623
0.659697
0.726492
0.364772
0.896918
0.334247
0.490819
0.353395
0.62615
0.574526
0.628409
0.949298
0.281075
0.541996
0.558741
0.794368
0.748144
0.438415
0.0821009
0.421298
0.76487
0.424199
0.574281
0.0713352
0.797979
0.869494
0.70183
0.735759
0.919464
0.114224
0.362633
0.100515
0.426726
0.596069
0.146586
0.146612
0.898176
0.289875
0.501827
0.84178
0.46696
0.174181
0.236184
0.43484
0.560343
0.591273
0.920735
0.684322
0.805139
0.774921
0.269182
0.957806
0.0381855
0.256313
0.405266
0.345173
0.565724
0.619451
0.291878
0.0394553
0.32807
0.146177
0.212336
0.0967127
0.0206772
0.387875
0.709444
0.899986
0.352948
0.994882
0.704795
0.577879
0.160032
0.029814
0.285851
0.347734
0.58145
0.837582
0.564305
0.602125
0.920709
0.0864941
0.331537
0.32346
0.858066
0.0838272
0.330769
0.481866
0.960264
0.0407716
0.229254
0.570679
0.542296
0.269892
0.974612
0.221306
0.151606
0.384657
0.244201
0.752971
0.0645149
0.757814
0.960254
0.79687
0.959721
0.391509
0.0717236
0.0512875
0.519008
0.306462
0.679403
0.14446
0.420314
0.565405
0.212503
0.904649
0.292165
0.256142
0.00310846
0.505752
0.987444
0.284341
0.237379
0.577992
0.613339
0.971673
0.655369
0.495717
0.055461
0.761262
0.83116
0.5673
0.362834
0.653035
0.332334
0.783829
0.059801
0.611577
0.10805
0.470592
0.861485
0.795297
0.570903
0.119988
0.610923
0.302583
0.797785
0.623162
0.647627
0.271071
0.535577
0.302138
0.552619
0.0113066
0.642143
0.942649
0.519857
0.310796
0.637929
0.870321
0.859043
0.324934
0.836561
0.961851
0.893337
0.877725
0.501865
0.750436
0.0870666
0.776805
0.199842
0.388887
0.331507
0.465334
0.951291
0.635032
0.982762
0.56974
0.407101
0.397185
0.134083
0.957629
0.135919
0.53797
0.915266
0.190349
0.718675
0.422168
0.821022
0.310972
0.67706
0.122865
0.304773
0.52282
0.930222
0.435063
0.862864
0.336059
0.266745
0.86817
0.649817
0.43812
0.532902
0.230874
0.984707
0.255475
0.772812
0.412163
0.409481
0.986424
0.00195948
0.738584
0.00621954
0.821181
0.127876
0.512104
0.195799
0.943076
0.273777
0.530184
0.487939
0.33289
0.463736
0.699037
0.952595
0.109602
0.698892
0.546468
0.0751379
0.246029
0.494224
0.720514
0.763368
0.498016
0.71059
0.863402
0.925121
0.274865
0.898109
0.990284
0.409171
0.27189
0.803777
0.186724
0.596082
0.964387
0.684398
0.12636
0.788149
0.578538
0.580273
0.247172
0.788631
0.563355
0.512403
0.611478
0.406542
0.234135
0.458743
0.575894
0.572659
0.524773
0.97655
0.533017
0.155249
0.665018
0.063226
0.0537966
0.109812
0.00202915
0.0339171
0.421141
0.0848098
0.492759
0.704543
0.435004
0.31655
0.528011
0.138196
0.527362
0.751035
0.19128
0.777065
0.16209
0.882486
0.343864
0.858455
0.23854
0.387572
0.530021
0.924399
0.724466
0.817373
0.53145
0.453283
0.795562
0.758535
0.871894
0.486673
0.96589
0.335538
0.276497
0.985574
0.0556975
0.74268
0.0814396
0.146851
0.772698
0.734841
0.767454
0.593841
0.565926
0.0938753
0.685241
0.309986
0.176444
0.853499
0.941041
0.0166628
0.642259
0.355735
0.114505
0.673107
0.916352
0.938616
0.996882
0.116879
0.787145
0.729668
0.959004
0.711382
0.850083
0.597157
0.859605
0.954329
0.0183424
0.51175
0.811101
0.307669
0.363467
0.862605
0.198404
0.890464
0.166134
0.209136
0.81429
0.865597
0.607167
0.766332
0.514487
0.773861
0.263877
0.410355
0.261529
0.97397
0.916214
0.417843
0.453799
0.227429
0.287685
0.936361
0.206211
0.349948
0.281455
0.270553
0.440727
0.195281
0.607548
0.895497
0.761301
0.144677
0.732969
0.340094
0.0395857
0.339109
0.234713
0.597016
0.326401
0.094729
0.835711
0.529148
0.924527
0.291288
0.0727335
0.72088
0.209826
0.642877
0.444448
0.580598
0.142892
0.440837
0.650953
0.906786
0.853428
0.0915777
0.783472
0.984216
0.598641
0.78135
0.650421
0.206923
0.660948
0.0185069
0.948305
0.728922
0.342655
0.654655
0.679287
0.910952
0.366554
0.234297
0.353573
0.546144
0.0433134
0.44986
0.995396
0.404423
0.990139
0.836268
0.0568629
0.111369
0.82695
0.16024
0.479976
0.525954
0.301675
0.34077
0.13504
0.584654
0.89465
0.0160621
0.528801
0.0606367
0.0399614
0.391138
0.727639
0.552762
0.341464
0.556017
0.176855
0.0327825
0.641601
0.337972
0.863663
0.196611
0.808822
0.729675
0.985552
0.698476
0.529414
0.482063
0.622683
0.739566
0.0587854
0.0495364
0.524268
0.30172
0.230196
0.0578806
0.306647
0.573209
0.427738
0.747397
0.976133
0.694819
0.346096
0.0688868
0.288826
0.409626
0.970742
0.248244
0.128066
0.0391765
0.5197
0.389916
0.770613
0.208679
0.875673
0.737923
0.606961
0.653923
0.129192
0.453176
0.312014
0.676593
0.433494
0.351219
0.860349
0.00627182
0.170178
0.786915
0.217458
0.512367
0.382389
0.276179
0.806243
0.192375
0.864499
0.747052
0.590225
0.317573
0.0646065
0.299039
0.980568
0.67152
0.313729
0.950974
0.56311
0.918914
0.438238
0.592626
0.697152
0.855229
0.591384
0.00139584
0.37142
0.712584
0.591175
0.309979
0.0946171
0.996573
0.63805
0.447267
0.724633
0.827293
0.574009
0.349082
0.0777151
0.218092
0.363968
0.508225
0.124146
0.11084
0.41944
0.0103813
0.909008
0.174648
0.431254
0.705973
0.907775
0.595343
0.880727
0.382318
0.975717
0.497158
0.848615
0.728758
0.875648
0.160824
0.983256
0.689625
0.408422
0.195174
0.227009
0.422541
0.510122
0.039044
0.951907
0.814715
0.834753
0.360833
0.766844
0.3351
0.757653
0.121619
0.379921
0.758489
0.774657
0.430214
0.542703
0.0110693
0.552946
0.248483
0.332456
0.109768
0.268685
0.784366
0.410633
0.631921
0.417421
0.14852
0.186349
0.233474
0.0674879
0.689254
0.521772
0.249608
0.149419
0.116071
0.0638831
0.198243
0.433893
0.119778
0.115854
0.958347
0.0714994
0.213197
0.385336
0.225023
0.863791
0.587163
0.557247
0.492943
0.155642
0.749989
0.724562
0.48129
0.21727
0.403656
0.793869
0.880973
0.697277
0.569049
0.181384
0.636491
0.763269
0.526073
0.800774
0.305526
0.126721
0.29218
0.631347
0.796085
0.671958
0.877558
0.957092
0.137401
0.37905
0.0776921
0.213608
0.232179
0.147232
0.281265
0.429548
0.296825
0.961541
0.54773
0.766157
0.90079
0.865376
0.353133
0.696367
0.00912454
0.627553
0.973212
0.740463
0.905119
0.251948
0.0633541
0.971088
0.412347
0.893844
0.799307
0.754688
0.160772
0.707997
0.377012
0.621535
0.172681
0.345159
0.271175
0.796638
0.516586
0.446828
0.574624
0.650675
0.73086
0.924353
0.0780891
0.642516
0.497599
0.778101
0.685123
0.862857
0.335514
0.472638
0.284
0.631847
0.510613
0.653323
0.0154922
0.408345
0.373217
0.11368
0.114145
0.511994
0.535314
0.592565
0.837566
0.895439
0.262762
0.309142
0.426972
0.0156067
0.50596
0.741381
0.899726
0.508113
0.300136
0.0779008
0.949261
0.512477
0.17419
0.280106
0.441489
0.123628
0.575154
0.715997
0.874582
0.786017
0.0403841
0.771283
0.862714
0.996837
0.345653
0.848783
0.00209805
0.921598
0.871194
0.078445
0.874163
0.155409
0.640575
0.268931
0.0120335
0.372286
0.0647115
0.0828814
0.462721
0.689886
0.385662
0.169456
0.799399
0.0786971
0.714129
0.0883407
0.235056
0.364149
0.244437
0.658991
0.431885
0.0976797
0.344542
0.59732
0.629866
0.333937
0.319024
0.27838
0.623882
0.166576
0.0113132
0.267263
0.639032
0.180039
0.0742914
0.573165
0.834612
0.0371178
0.906368
0.681648
0.292071
0.897631
0.445591
0.932897
0.577933
0.181238
0.813278
0.2181
0.119349
0.463253
0.204
0.970579
0.740531
0.321639
0.626497
0.722257
0.277995
0.137126
0.343388
0.979215
0.908454
0.158572
0.8378
0.681616
0.985395
0.889458
0.0185892
0.00631264
0.200047
0.377447
0.45894
0.905543
0.484132
0.302378
0.917498
0.415095
0.650071
0.309511
0.947291
0.120782
0.411688
0.563924
0.39791
0.455231
0.9141
0.0509531
0.924713
0.684249
0.0696432
0.219707
0.24179
0.967539
0.369854
0.38438
0.345509
0.222514
0.611931
0.202078
0.36688
0.58591
0.3372
0.880237
0.753535
0.568004
0.267476
0.0158021
0.233339
0.557925
0.32403
0.15962
0.681108
0.618826
0.475172
0.0964826
0.58358
0.94662
0.15916
0.641092
0.59095
0.188243
0.030914
0.182208
0.379901
0.580064
0.734651
0.992219
0.703746
0.130891
0.995287
0.12958
0.252228
0.444397
0.723799
0.900822
0.926922
0.672715
0.0766099
0.0489318
0.366785
0.64849
0.729963
0.105014
0.645958
0.351161
0.62598
0.0893192
0.376552
0.14235
0.298523
0.124817
0.173347
0.474687
0.392389
0.0087577
0.612265
0.544173
0.0350381
0.908921
0.764039
0.497241
0.592925
0.209
0.22485
0.778477
0.716531
0.406148
0.660039
0.584249
0.988892
0.693678
0.569924
0.413125
0.751432
0.0506646
0.257537
0.350341
0.371368
0.0748877
0.472111
0.54069
0.027751
0.986977
0.997951
0.986687
0.978704
0.552441
0.206515
0.95773
0.174512
0.511996
0.261196
0.645294
0.161738
0.92849
0.818457
0.952757
0.134178
0.995229
0.553413
0.243752
0.843024
0.276791
0.826364
0.874631
0.0342219
0.702636
0.0390783
0.487841
0.306721
0.994161
0.26589
0.2542
0.351283
0.143007
0.385876
0.818729
0.79059
0.304666
0.637848
0.799293
0.815898
0.719198
0.285621
0.804067
0.379198
0.297734
0.953774
0.324291
0.819806
0.0421112
0.634724
0.599914
0.792734
0.580769
0.327415
0.298465
0.97364
0.710067
0.586351
0.445165
0.879503
0.538088
0.34679
0.825542
0.63027
0.828076
0.712302
0.443686
0.890536
0.627033
0.773861
0.694815
0.931699
0.29616
0.0636444
0.544068
0.214747
0.342231
0.867259
0.524467
0.350262
0.628396
0.574517
0.802925
0.451223
0.251752
0.550028
0.545066
0.142838
0.241462
0.974499
0.196962
0.625884
0.0908283
0.486652
0.913675
0.477674
0.508142
0.677815
0.684459
0.356651
0.77895
0.27677
0.448386
0.202176
0.344185
0.566291
0.308334
0.682324
0.641714
0.751803
0.650693
0.171765
0.232559
0.735168
0.397668
0.0207479
0.175494
0.982625
0.224139
0.237423
0.736855
0.0393722
0.822096
0.415076
0.779
0.540466
0.271105
0.0373483
0.830666
0.992882
0.786403
0.413605
0.474147
0.557238
0.339835
0.902056
0.221081
0.583235
0.126602
0.508067
0.68437
0.0737743
0.870156
0.303834
0.0985736
0.125029
0.211402
0.165121
0.80462
0.754222
0.560621
0.147296
0.935309
0.973028
0.840797
0.111108
0.54885
0.880391
0.801914
0.410551
0.465889
0.00944192
0.700429
0.159482
0.762356
0.436201
0.242855
0.575035
0.429379
0.69296
0.248763
0.326611
0.175435
0.669883
0.0369291
0.280305
0.183241
0.0584455
0.670985
0.738728
0.399706
0.0265005
0.660167
0.150624
0.729977
0.596215
0.412606
0.833353
0.156826
0.173943
0.622313
0.835995
0.534834
0.672848
0.882115
0.701205
0.0405094
0.890058
0.630868
0.56788
0.426882
0.00419606
0.771341
0.194527
0.0265793
0.852288
0.0805222
0.247243
0.0213997
0.800211
0.515374
0.924588
0.935518
0.188667
0.132739
0.754895
0.821319
0.644001
0.272517
0.295249
0.802375
0.650774
0.196519
0.680095
0.417894
0.178958
0.919756
0.892567
0.725249
0.564202
0.552105
0.115193
0.406352
0.0312502
0.62688
0.792592
0.0494432
0.19267
0.521174
0.17868
0.384491
0.149054
0.711589
0.815034
0.299653
0.72263
0.959438
0.982527
0.879919
0.338801
0.13109
0.69965
0.673938
0.446096
0.410283
0.75702
0.373057
0.871854
0.377152
0.368155
0.140921
0.614084
0.522367
0.069757
0.928272
0.00191879
0.562718
0.00296191
0.815829
0.326648
0.741035
0.122157
0.562035
0.479131
0.93746
0.0374571
0.0341433
0.505432
0.903923
0.0954126
0.283381
0.300932
0.313476
0.68638
0.352561
0.61289
0.929986
0.798122
0.213198
0.766416
0.956131
0.0568661
0.571593
0.945296
0.0909982
0.926683
0.0422094
0.883622
0.101616
0.608487
0.548964
0.962022
0.315063
0.611728
0.833051
0.899973
0.277904
0.799875
0.701902
0.806921
0.462603
0.597852
0.447762
0.0360745
0.536779
0.412515
0.570642
0.012329
0.0427399
0.00920901
0.570772
0.681311
0.648202
0.832381
0.809555
0.451917
0.48566
0.0238536
0.00556976
0.388113
0.930794
0.524459
0.232679
0.620483
0.0348392
0.612052
0.333109
0.715122
0.161578
0.408742
0.581056
0.0737303
0.690168
0.826697
0.296413
0.318519
0.29921
0.362094
0.624746
0.68099
0.770924
0.376394
0.68933
0.276359
0.460762
0.161251
0.809254
0.90469
0.163671
0.566283
0.431063
0.292194
0.58064
0.957391
0.529851
0.421914
0.572936
0.171998
0.512558
0.356512
0.0327447
0.576118
0.698526
0.741154
0.158298
0.103983
0.777834
0.691468
0.873023
0.927098
0.754731
0.538149
0.247446
0.190274
0.631396
0.56254
0.832757
0.797904
0.55768
0.37065
0.313521
0.0406943
0.606781
0.511207
0.50888
0.292034
0.15864
0.428013
0.440789
0.034938
0.965551
0.204986
0.717884
0.651919
0.877108
0.89733
0.553988
0.169557
0.998933
0.374612
0.0870803
0.268519
0.151816
0.670986
0.124349
0.630159
0.977276
0.587569
0.0916999
0.0470535
0.849051
0.764904
0.39493
0.187296
0.312417
0.67236
0.704531
0.37588
0.592642
0.876621
0.392269
0.53689
0.731636
0.617822
0.148314
0.368009
0.780411
0.290887
0.822419
0.084401
0.187555
0.175908
0.442916
0.432792
0.345693
0.125684
0.220583
0.528701
0.0150512
0.0212208
0.78335
0.889152
0.28325
0.417207
0.66573
0.901172
0.0837782
0.834213
0.561617
0.0737043
0.772116
0.632893
0.0185803
0.0159947
0.597364
0.881524
0.409273
0.364705
0.335492
0.103451
0.0147942
0.340735
0.0290365
0.257725
0.682596
0.836704
0.309114
0.19289
0.281196
0.761693
0.07532
0.711032
0.065596
0.812359
0.584424
0.778137
0.490626
0.345036
0.143145
0.608789
0.898423
0.806963
0.380373
0.706954
0.0239047
0.241405
0.409462
0.0198048
0.0209433
0.0913811
0.464708
0.418494
0.5648
0.0509729
0.443901
0.0528145
0.273103
0.529789
0.347232
0.140911
0.639898
0.969121
0.505888
0.348267
0.318814
0.45303
0.144087
0.641892
0.1461
0.313821
0.443473
0.614246
0.814744
0.477069
0.425574
0.532564
0.0994857
0.788212
0.758601
0.543693
0.269535
0.529631
0.97365
0.882747
0.314323
0.920635
0.916906
0.711683
0.912648
0.329965
0.433549
0.493664
0.288508
0.289532
0.108392
0.654928
0.993685
0.0305909
0.951875
0.674924
0.951009
0.868257
0.29926
0.00198667
0.857805
0.868152
0.654747
0.380018
0.661686
0.783853
0.673655
0.174638
0.67791
0.4451
0.293283
0.833108
0.672278
0.19815
0.574419
0.901795
0.529598
0.105799
0.0694039
0.799341
0.886497
0.477347
0.530191
0.44845
0.343611
0.621327
0.260041
0.943988
0.216842
0.984957
0.113157
0.131164
0.106924
0.926631
0.547793
0.0183331
0.6469
0.0970303
0.888885
0.867259
0.165965
0.234013
0.15516
0.0597424
0.0421031
0.907576
0.939502
0.503076
0.889659
0.0227449
0.131169
0.431471
0.884696
0.129473
0.540011
0.918905
0.748798
0.163283
0.969123
0.929313
0.794057
0.421469
0.991927
0.128488
0.487803
0.959963
0.931492
0.456584
0.302794
0.812794
0.0396035
0.0900244
0.509591
0.730281
0.976003
0.505742
0.844808
0.808852
0.0672132
0.87425
0.791315
0.438897
0.588333
0.909862
0.39266
0.18803
0.984415
0.201018
0.750761
0.572082
0.893598
0.688907
0.634112
0.202015
0.409774
0.311919
0.886292
0.707465
0.699919
0.73884
0.697604
0.971166
0.467716
0.933384
0.622937
0.945227
0.941511
0.905164
0.975431
0.347785
0.765751
0.613557
0.848467
0.6334
0.645116
0.735694
0.700087
0.535467
0.5018
0.580708
0.628804
0.791044
0.877095
0.328024
0.865195
0.0241149
0.556315
0.586087
0.634974
0.525652
0.360127
0.469755
0.56747
0.810411
0.546407
0.721783
0.0710394
0.154918
0.684428
0.792476
0.330465
0.571499
0.981356
0.77688
0.849059
0.497829
0.161309
0.0370749
0.432317
0.538414
0.856763
0.497711
0.915337
0.536979
0.954126
0.655766
0.203386
0.303137
0.739082
0.200633
0.166682
0.154817
0.966088
0.667277
0.520793
0.0492253
0.859305
0.637334
0.968236
0.679105
0.141906
0.965453
0.818276
0.420164
0.146403
0.148864
0.190158
0.576157
0.665618
0.465194
0.953369
0.895603
0.861631
0.981776
0.844035
0.242808
0.0560006
0.258878
0.455143
0.761504
0.807359
0.582197
0.912932
0.733822
0.529809
0.675913
0.283887
0.335664
0.783789
0.928691
0.178555
0.116527
0.304258
0.919246
0.927562
0.0908452
0.0194265
0.0225745
0.343993
0.770914
0.358538
0.215714
0.319803
0.746462
0.545687
0.459422
0.321681
0.162929
0.509936
0.0528599
0.545767
0.749151
0.475928
0.48017
0.135175
0.208589
0.243266
0.860723
0.499702
0.144158
0.500585
0.170836
0.449815
0.194903
0.0648878
0.37502
0.411351
0.290533
0.204956
0.856569
0.952623
0.533225
0.294917
0.588183
0.48075
0.926891
0.643924
0.467888
0.856512
0.831716
0.964077
0.255083
0.277068
0.678068
0.994091
0.876738
0.166518
0.391368
0.71651
0.929181
0.417797
0.661444
0.455126
0.316488
0.866212
0.615648
0.301734
0.862911
0.854989
0.693064
0.2233
0.375766
0.63558
0.00782371
0.433099
0.907157
0.66112
0.431801
0.995938
0.125361
0.486016
0.0209625
0.113993
0.855976
0.823231
0.0521811
0.465528
0.110979
0.384719
0.911723
0.740794
0.819898
0.0883355
0.752891
0.597244
0.728018
0.243571
0.670813
0.559385
0.84692
0.146535
0.322599
0.0971968
0.944394
0.233698
0.878675
0.837615
0.247338
0.922665
0.62711
0.423215
0.437873
0.408148
0.880174
0.816507
0.935946
0.672222
0.938317
0.0638871
0.140866
0.487677
0.893137
0.483526
0.023802
0.68378
0.304563
0.320107
0.225578
0.971544
0.0575248
0.187737
0.085637
0.653716
0.728688
0.372095
0.449851
0.657864
0.737212
0.537934
0.291231
0.238692
0.75402
0.00322746
0.667312
0.671874
0.221847
0.629545
0.759403
0.441861
0.183102
0.510192
0.185893
0.964313
0.656116
0.728341
0.717251
0.974639
0.484078
0.370829
0.670465
0.868587
0.290571
0.51131
0.0364534
0.758595
0.284428
0.300366
0.216715
0.218395
0.0146556
0.172112
0.168423
0.0767692
0.550298
0.382729
0.666135
0.691077
0.835844
0.5392
0.558133
0.572769
0.00284206
0.983869
0.372658
0.404108
0.805961
0.94025
0.691793
0.372928
0.542512
0.861473
0.740124
0.200813
0.618153
0.764998
0.503064
0.827675
0.6401
0.0146303
0.103345
0.0681861
0.10767
0.465161
0.518307
0.033418
0.516011
0.460948
0.136848
0.273267
0.612595
0.881955
0.938425
0.207884
0.273619
0.905433
0.924103
0.759211
0.881295
0.311599
0.502578
0.934143
0.5339
0.000949486
0.936806
0.688439
0.531105
0.303421
0.996818
0.560798
0.23092
0.628661
0.694406
0.473306
0.350707
0.475675
0.164113
0.808104
0.770326
0.023804
0.621205
0.98281
0.426845
0.367446
0.621424
0.342332
0.676139
0.620449
0.0525137
0.463489
0.688122
0.844453
0.94594
0.448135
0.715573
0.165918
0.237519
0.834132
0.769196
0.400468
0.286087
0.870036
0.0493309
0.395508
0.344856
0.714125
0.456135
0.244907
0.681902
0.802377
0.046404
0.388881
0.485595
0.333061
0.48182
0.700116
0.600773
0.867772
0.901239
0.938997
0.354283
0.713951
0.755303
0.388309
0.822151
0.40111
0.496279
0.911987
0.145062
0.262852
0.0669486
0.264308
0.304462
0.560584
0.737182
0.680914
0.55982
0.125853
0.80977
0.0275112
0.0365
0.589061
0.717674
0.901593
0.68126
0.425308
0.0951828
0.585288
0.642947
0.577051
0.921173
0.245874
0.00979562
0.683629
0.367048
0.803051
0.287902
0.302276
0.199032
0.0335514
0.564914
0.783049
0.477081
0.222401
0.0967664
0.716617
0.260916
0.733052
0.690623
0.138982
0.68472
0.817263
0.475833
0.61916
0.783635
0.600191
0.801454
0.797299
0.879636
0.879244
0.405965
0.636197
0.33569
0.85879
0.637499
0.950086
0.591736
0.354181
0.318492
0.501538
0.00566454
0.69587
0.760514
0.335013
0.549427
0.88099
0.558176
0.283014
0.0425051
0.188521
0.803192
0.680378
0.73484
0.675349
0.499628
0.898885
0.665543
0.385149
0.631103
0.945974
0.907596
0.117253
0.655813
0.531364
0.629338
0.855828
0.269959
0.108873
0.0937783
0.161316
0.106736
0.651878
0.826857
0.429442
0.982578
0.248027
0.655944
0.902093
0.259742
0.0328466
0.472325
0.861247
0.592602
0.279625
0.796241
0.130664
0.648512
0.195537
0.877304
0.180434
0.283622
0.314771
0.334489
0.427519
0.437673
0.23973
0.0531359
0.0491537
0.426437
0.298025
0.324031
0.431481
0.519806
0.892626
0.368266
0.491073
0.807238
0.871108
0.716937
0.264639
0.631598
0.295898
0.825558
0.0284031
0.163965
0.698153
0.0990234
0.214831
0.976912
0.434835
0.383872
0.962793
0.452654
0.250125
0.776438
0.140783
0.995597
0.801307
0.560465
0.618531
0.799041
0.128647
0.389768
0.897075
0.828819
0.46583
0.146833
0.185661
0.0648985
0.781275
0.0332788
0.49712
0.601543
0.571899
0.277157
0.814163
0.866573
0.416049
0.447965
0.523
0.871407
0.931701
0.87243
0.43328
0.033446
0.664502
0.629148
0.492347
0.271005
0.998038
0.686212
0.570415
0.85566
0.779809
0.652726
0.890595
0.247608
0.664133
0.938279
0.511692
0.406599
0.806354
0.224786
0.460083
0.114659
0.246233
0.994356
0.448183
0.484905
0.551671
0.213246
0.0172928
0.562802
0.886885
0.950201
0.222147
0.294046
0.461647
0.187086
0.692777
0.454716
0.504922
0.130246
0.897384
0.870833
0.636367
0.474952
0.0197788
0.434152
0.256937
0.646338
0.0678717
0.943947
0.713683
0.119323
0.867382
0.384575
0.667617
0.504329
0.207215
0.907535
0.969387
0.16757
0.233583
0.295408
0.30253
0.959279
0.471913
0.938084
0.323297
0.116757
0.613083
0.627471
0.146208
0.288305
0.700171
0.0576554
0.490381
0.523403
0.0785896
0.0161984
0.507357
0.777477
0.819058
0.0123355
0.943357
0.678329
0.881232
0.986786
0.459754
0.123288
0.908698
0.359275
0.505407
0.0844365
0.896798
0.802888
0.739312
0.0849174
0.245743
0.0883027
0.812876
0.0441976
0.55765
0.890641
0.413869
0.751983
0.586454
0.810186
0.373695
0.132235
0.486335
0.0409958
0.397408
0.828577
0.903679
0.107522
0.856526
0.142407
0.613526
0.0242257
0.684082
0.708464
0.298175
0.205347
0.60783
0.490769
0.934194
0.0271396
0.663386
0.675373
0.148934
0.856385
0.822497
0.424698
0.24721
0.0870151
0.285263
0.903547
0.283781
0.996471
0.670088
0.912241
0.702717
0.688925
0.551687
0.645369
0.649221
0.918789
0.104629
0.205452
0.33344
0.190413
0.902539
0.792928
0.981127
0.387871
0.478396
0.431427
0.215391
0.125854
0.495015
0.349631
0.461386
0.514934
0.500361
0.630954
0.273804
0.319549
0.473052
0.597931
0.647155
0.103775
0.569006
0.218343
0.719662
0.248601
0.0979945
0.972071
0.970485
0.323481
0.524032
0.453639
0.292709
0.0572829
0.629668
0.713888
0.503918
0.236921
0.701702
0.926376
0.49999
0.9567
0.723706
0.54454
0.462338
0.657335
0.640042
0.617211
0.708798
0.0397181
0.574783
0.972354
0.15651
0.731322
0.422766
0.869559
0.464117
0.324006
0.100623
0.840101
0.0761084
0.522951
0.231687
0.360734
0.1977
0.664723
0.063176
0.630596
0.750436
0.330523
0.229338
0.880368
0.479159
0.284611
0.628821
0.822682
0.154012
0.804214
0.349425
0.230056
0.688777
0.967308
0.0892346
0.126132
0.397364
0.382665
0.340584
0.471817
0.337054
0.0110929
0.967811
0.627128
0.709121
0.563967
0.681353
0.949131
0.115534
0.984508
0.673058
0.740452
0.037073
0.380444
0.442132
0.812387
0.713179
0.969235
0.0696379
0.627031
0.484358
0.94821
0.136623
0.0220135
0.396266
0.456818
0.0421765
0.56589
0.282237
0.760535
0.424636
0.654557
0.746361
0.655556
0.192267
0.748973
0.514254
0.305772
0.876621
0.708203
0.854645
0.0810804
0.663474
0.888073
0.636785
0.551269
0.897511
0.772297
0.0369667
0.373387
0.852773
0.847794
0.657782
0.300429
0.586359
0.333636
0.592396
0.0184473
0.284486
0.94447
0.260111
0.912764
0.646996
0.601726
0.810759
0.353897
0.41811
0.774792
0.702467
0.151797
0.490936
0.40783
0.280283
0.367581
0.613613
0.337233
0.0706596
0.949819
0.706645
0.0147585
0.903796
0.740474
0.974986
0.54301
0.382474
0.244169
0.324606
0.944698
0.141934
0.913605
0.414415
0.192199
0.16177
0.250384
0.527538
0.256723
0.313034
0.058624
0.445093
0.837055
0.186544
0.140818
0.922424
0.22627
0.186083
0.583871
0.29405
0.897273
0.143951
0.279786
0.759254
0.828599
0.267816
0.25456
0.774702
0.0327752
0.826776
0.701999
0.554359
0.206096
0.357297
0.816141
0.673505
0.794966
0.713429
0.759673
0.840898
0.674768
0.628614
0.156415
0.188371
0.364816
0.320978
0.0932642
0.269351
0.464499
0.106489
0.033978
0.178734
0.988715
0.406508
0.550268
0.323717
0.431181
0.917814
0.267026
0.580738
0.156671
0.301076
0.893392
0.723242
0.259244
0.398148
0.991896
0.593637
0.054095
0.619814
0.69873
0.776529
0.748051
0.195782
0.0380295
0.356785
0.501972
0.844898
0.226585
0.716787
0.924198
0.176227
0.487782
0.889016
0.562053
0.87359
0.23609
0.441294
0.554623
0.885395
0.251453
0.015799
0.22619
0.294165
0.404264
0.322075
0.846588
0.916214
0.723265
0.984405
0.564108
0.00477159
0.273307
0.175126
0.541107
0.201082
0.253655
0.031583
0.553583
0.514329
0.0968146
0.139198
0.884504
0.939508
0.0676818
0.819787
0.519724
0.521894
0.319154
0.291335
0.945336
0.409674
0.00339754
0.341311
0.271501
0.883767
0.0396084
0.742218
0.305136
0.752363
0.469671
0.926631
0.649573
0.0309605
0.374313
0.39609
0.277812
0.358044
0.667027
0.286937
0.77566
0.924215
0.356532
0.134838
0.331239
0.198564
0.498591
0.461928
0.508562
0.516412
0.813973
0.181736
0.0109553
0.422835
0.331683
0.106152
0.887154
0.747545
0.920423
0.194102
0.761155
0.434798
0.291781
0.691419
0.548653
0.761436
0.264715
0.72981
0.312857
0.519054
0.342295
0.328475
0.755487
0.3183
0.143438
0.61791
0.264044
0.48716
0.843675
0.0483291
0.253402
0.511491
0.208259
0.989869
0.226361
0.624318
0.48179
0.878733
0.946117
0.925551
0.372176
0.972245
0.503156
0.18219
0.620301
0.84801
0.578043
0.313805
0.628382
0.0401987
0.406646
0.314525
0.821614
0.012754
0.542781
0.0538795
0.713584
0.361104
0.422416
0.880041
0.394813
0.251031
0.0914158
0.192471
0.0221135
0.566733
0.901963
0.858396
0.419144
0.408624
0.700841
0.583499
0.692174
0.130394
0.236426
0.0917324
0.992363
0.278557
0.501443
0.511643
0.759516
0.258773
0.497881
0.0738069
0.667073
0.917763
0.344727
0.924378
0.52616
0.126115
0.291798
0.265499
0.16357
0.210755
0.906766
0.0560345
0.509588
0.173414
0.465494
0.84748
0.746475
0.666095
0.95202
0.283013
0.686144
0.918749
0.22307
0.936286
0.218127
0.502129
0.0187613
0.591201
0.221049
0.203597
0.538114
0.965441
0.505819
0.727052
0.66176
0.341371
0.628188
0.111899
0.65312
0.475314
0.563394
0.44409
0.630744
0.725511
0.634917
0.7389
0.959723
0.789924
0.378966
0.16053
0.971818
0.248251
0.705168
0.0801564
0.343553
0.36786
0.39393
0.566746
0.475504
0.615776
0.49599
0.230114
0.355568
0.529677
0.558714
0.556171
0.649116
0.92072
0.258254
0.174886
0.900935
0.489942
0.548188
0.457323
0.457051
0.950754
0.56974
0.327295
0.13534
0.0823912
0.855765
0.304705
0.98421
0.30266
0.2545
0.105354
0.161041
0.440294
0.627942
