5 353.687 0.0222381
4.7619 409.367 0.0235756
4.54545 433.12 0.0239149
4.34783 490.689 0.0251389
4.16667 548.69 0.0261792
4 634.029 0.027547
3.84615 672.579 0.0292466
3.7037 739.286 0.0298402
3.57143 863.903 0.0319354
3.44828 917.641 0.0345954
3.33333 1031.12 0.0355384
3.22581 1179.08 0.0391293
3.125 1247.78 0.0418843
3.0303 1365.79 0.0440228
2.94118 1571.36 0.0478766
2.85714 1752.6 0.0541907
2.77778 1959.15 0.0578548
2.7027 2255.98 0.0652987
2.63158 2544.18 0.075588
2.5641 2715.55 0.0879454
2.5 2959.62 0.101318
2.43902 3653.61 0.136047
2.38095 4289.47 0.185023
2.32558 6004.52 0.306444
2.27273 7247.41 0.628373
2.22222 4834.86 0.764908
2.17391 4215.44 0.819553
2.12766 3779.28 0.853789
2.08333 3187.29 0.876932
2.04082 2903.57 0.896602
2 2683.49 0.912095
1.96078 2492.89 0.923129
1.92308 2099.51 0.933304
1.88679 2050.51 0.941037
1.85185 1768.28 0.948126
1.81818 1688.63 0.953908
1.78571 1537.87 0.958765
1.75439 1428.21 0.963151
1.72414 1282.54 0.967441
1.69492 1207.76 0.970467
1.66667 1168.76 0.973373
1.63934 1054.22 0.976116
1.6129 996.22 0.978588
1.5873 905.876 0.98073
1.5625 855.724 0.982489
1.53846 802.465 0.984053
1.51515 726.158 0.98571
1.49254 704.685 0.986892
1.47059 647.844 0.988175
1.44928 625.522 0.989186
1.42857 570.541 0.990215
1.40845 518.476 0.991107
1.38889 501.815 0.991809
1.36986 484.505 0.99248
1.35135 432.303 0.993158
1.33333 416.3 0.993766
1.31579 389.991 0.994326
1.2987 369.188 0.994809
1.28205 344.646 0.995256
1.26582 314.624 0.995686
1.25 288.877 0.996053
1.23457 283.829 0.996369
1.21951 262.801 0.996705
1.20482 247.82 0.996938
1.19048 228.787 0.997178
1.17647 210.141 0.997405
1.16279 215.124 0.997629
1.14943 188.854 0.997869
1.13636 178.128 0.997999
1.1236 169.982 0.998186
1.11111 158.116 0.998316
1.0989 148.77 0.998472
1.08696 138.6 0.998586
1.07527 141.716 0.998684
1.06383 121.505 0.998814
1.05263 117.037 0.998866
1.04167 107.303 0.999008
1.03093 102.118 0.999052
1.02041 94.1045 0.99914
1.0101 89.8267 0.99923
1 85.0351 0.999272
0.990099 80.7864 0.999339
0.980392 71.9195 0.999405
0.970874 69.0034 0.999455
0.961538 65.5244 0.999479
0.952381 61.6664 0.999528
0.943396 56.2369 0.999576
0.934579 55.4963 0.999586
0.925926 50.6408 0.999631
0.917431 47.8724 0.999654
0.909091 44.018 0.999681
0.900901 41.3869 0.999704
0.892857 42.0672 0.999715
0.884956 35.5049 0.999748
0.877193 33.0345 0.999783
0.869565 32.4136 0.999787
0.862069 31.1603 0.999801
0.854701 27.2682 0.999826
0.847458 27.1897 0.999832
0.840336 23.4664 0.999857
0.833333 22.5066 0.999863
0.826446 22.9805 0.999876
0.819672 20.679 0.999877
0.813008 19.9511 0.999888
0.806452 18.4805 0.999899
0.8 16.5959 0.999904
0.793651 15.9688 0.999913
0.787402 15.1252 0.999919
0.78125 13.4518 0.999926
0.775194 11.892 0.999936
0.769231 11.8341 0.99994
0.763359 10.1686 0.999947
0.757576 10.9191 0.999946
0.75188 9.90082 0.99995
0.746269 8.93155 0.999955
0.740741 9.08859 0.999957
0.735294 8.03628 0.999962
0.729927 6.86817 0.999967
0.724638 7.90011 0.999965
0.719424 6.71533 0.999969
0.714286 6.76435 0.999971
0.70922 5.72892 0.999976
0.704225 4.99648 0.999979
0.699301 5.72783 0.999976
0.694444 4.79799 0.99998
0.689655 4.40704 0.999982
0.684932 4.14308 0.999983
0.680272 3.82766 0.999984
0.675676 4.01076 0.999984
0.671141 3.50447 0.999986
0.666667 3.43407 0.999987
0.662252 3.08453 0.999988
0.657895 2.87033 0.999989
0.653595 2.62191 0.99999
0.649351 2.60369 0.99999
0.645161 2.48899 0.999991
0.641026 2.09148 0.999993
0.636943 2.36187 0.999992
0.632911 1.92579 0.999993
0.628931 1.76195 0.999994
0.625 1.97795 0.999994
0.621118 1.47991 0.999995
0.617284 1.72898 0.999994
0.613497 0.980716 0.999997
0.609756 1.23165 0.999996
0.606061 0.936001 0.999997
0.60241 0.947381 0.999997
0.598802 0.923503 0.999997
0.595238 0.755625 0.999998
0.591716 0.981933 0.999997
0.588235 0.884403 0.999998
0.584795 0.857066 0.999997
0.581395 0.566422 0.999998
0.578035 0.801272 0.999998
0.574713 0.772119 0.999998
0.571429 0.430337 0.999999
0.568182 0.514203 0.999999
0.564972 0.559955 0.999998
0.561798 0.5663 0.999998
0.558659 0.409386 0.999999
0.555556 0.455279 0.999999
0.552486 0.376803 0.999999
0.549451 0.380978 0.999999
0.546448 0.385176 0.999999
0.543478 0.3462 0.999999
0.540541 0.317301 0.999999
0.537634 0.309608 0.999999
0.534759 0.312946 0.999999
0.531915 0.226021 0.999999
0.529101 0.0914275 1
0.526316 0.0923975 1
0.52356 0.279894 0.999999
0.520833 0.0471859 1
0.518135 0.0476787 1
0.515464 0.0963289 1
0.512821 0.243165 0.999999
0.510204 0.196572 1
0.507614 0.198583 1
0.505051 0.150483 1
0.502513 0.101358 1
0.5 0.153539 1
0.497512 0.103406 1
0.49505 0.0522291 1
0.492611 0.0527475 1
0.490196 0.159741 1
0.487805 0.053792 1
0.485437 0.0543181 1
0.483092 0 1
0.480769 0.110734 1
0.478469 0.0559117 1
0.47619 0 1
0.473934 0.113951 1
0.471698 0.0575283 1
0.469484 0.174147 1
0.46729 0.0586189 1
0.465116 0 1
0.462963 0 1
0.460829 0.0602739 1
0.458716 0 1
0.456621 0 1
0.454545 0.061952 1
0.452489 0 1
0.45045 0 1
0.44843 0.0636531 1
0.446429 0.0642253 1
0.444444 0 1
0.442478 0.0653773 1
0.440529 0.0659571 1
0.438596 0 1
0.436681 0 1
0.434783 0 1
0.4329 0 1
0.431034 0 1
0.429185 0 1
0.42735 0 1
0.425532 0 1
0.423729 0 1
0.421941 0.0718963 1
0.420168 0 1
0.41841 0 1
0.416667 0 1
0.414938 0 1
0.413223 0 1
0.411523 0 1
0.409836 0 1
0.408163 0.076832 1
0.406504 0 1
0.404858 0 1
0.403226 0 1
0.401606 0 1
0.4 0 1
0.398406 0 1
0.396825 0 1
0.395257 0 1
0.393701 0 1
0.392157 0 1
0.390625 0 1
0.389105 0 1
0.387597 0 1
0.3861 0 1
0.384615 0 1
0.383142 0 1
0.381679 0 1
0.380228 0 1
0.378788 0 1
0.377358 0 1
0.37594 0 1
0.374532 0 1
0.373134 0 1
0.371747 0 1
0.37037 0 1
0.369004 0 1
0.367647 0 1
0.3663 0.0953971 1
0.364964 0 1
0.363636 0 1
0.362319 0 1
0.361011 0 1
0.359712 0 1
0.358423 0 1
0.357143 0 1
0.355872 0 1
0.35461 0 1
0.353357 0 1
0.352113 0 1
0.350877 0 1
0.34965 0 1
0.348432 0 1
0.347222 0 1
0.346021 0 1
0.344828 0 1
0.343643 0 1
0.342466 0 1
0.341297 0 1
0.340136 0 1
0.338983 0 1
0.337838 0 1
0.3367 0 1
0.33557 0 1
0.334448 0 1
0.333333 0 1
0.332226 0 1
0.331126 0 1
0.330033 0 1
0.328947 0 1
0.327869 0 1
0.326797 0 1
0.325733 0 1
0.324675 0 1
0.323625 0 1
0.322581 0 1
0.321543 0 1
0.320513 0 1
0.319489 0 1
0.318471 0 1
0.31746 0 1
0.316456 0 1
0.315457 0 1
0.314465 0 1
0.31348 0 1
0.3125 0 1
0.311526 0 1
0.310559 0 1
0.309598 0 1
0.308642 0 1
0.307692 0 1
0.306748 0 1
0.30581 0 1
0.304878 0 1
0.303951 0 1
0.30303 0 1
0.302115 0 1
0.301205 0 1
0.3003 0 1
0.299401 0 1
0.298507 0 1
0.297619 0 1
0.296736 0 1
0.295858 0 1
0.294985 0 1
0.294118 0 1
0.293255 0 1
0.292398 0 1
0.291545 0 1
0.290698 0 1
0.289855 0 1
0.289017 0 1
0.288184 0 1
0.287356 0 1
0.286533 0 1
0.285714 0 1
0.2849 0 1
0.284091 0 1
0.283286 0 1
0.282486 0 1
0.28169 0 1
0.280899 0 1
0.280112 0 1
0.27933 0 1
0.278552 0 1
0.277778 0 1
0.277008 0 1
0.276243 0 1
0.275482 0 1
0.274725 0 1
0.273973 0 1
0.273224 0 1
0.27248 0 1
0.271739 0 1
0.271003 0 1
0.27027 0 1
0.269542 0 1
0.268817 0 1
0.268097 0 1
0.26738 0 1
0.266667 0 1
0.265957 0 1
0.265252 0 1
0.26455 0 1
0.263852 0 1
0.263158 0 1
0.262467 0 1
0.26178 0 1
0.261097 0 1
0.260417 0 1
0.25974 0 1
0.259067 0 1
0.258398 0 1
0.257732 0 1
0.257069 0 1
0.25641 0 1
0.255754 0 1
0.255102 0 1
0.254453 0 1
0.253807 0 1
0.253165 0 1
0.252525 0 1
0.251889 0 1
0.251256 0 1
0.250627 0 1
0.25 0 1
0.249377 0 1
0.248756 0 1
0.248139 0 1
0.247525 0 1
0.246914 0 1
0.246305 0 1
0.2457 0 1
0.245098 0 1
0.244499 0 1
0.243902 0 1
0.243309 0 1
0.242718 0 1
0.242131 0 1
0.241546 0 1
0.240964 0 1
0.240385 0 1
0.239808 0 1
0.239234 0 1
0.238663 0 1
0.238095 0 1
0.23753 0 1
0.236967 0 1
0.236407 0 1
0.235849 0 1
0.235294 0 1
0.234742 0 1
0.234192 0 1
0.233645 0 1
0.2331 0 1
0.232558 0 1
0.232019 0 1
0.231481 0 1
0.230947 0 1
0.230415 0 1
0.229885 0 1
0.229358 0 1
0.228833 0 1
0.228311 0 1
0.22779 0 1
0.227273 0 1
0.226757 0 1
0.226244 0 1
0.225734 0 1
0.225225 0 1
0.224719 0 1
0.224215 0 1
0.223714 0 1
0.223214 0 1
0.222717 0 1
0.222222 0 1
0.221729 0 1
0.221239 0 1
0.220751 0 1
0.220264 0 1
0.21978 0 1
0.219298 0 1
0.218818 0 1
0.218341 0 1
0.217865 0 1
0.217391 0 1
0.21692 0 1
0.21645 0 1
0.215983 0 1
0.215517 0 1
0.215054 0 1
0.214592 0 1
0.214133 0 1
0.213675 0 1
0.21322 0 1
0.212766 0 1
0.212314 0 1
0.211864 0 1
0.211416 0 1
0.21097 0 1
0.210526 0 1
0.210084 0 1
0.209644 0 1
0.209205 0 1
0.208768 0 1
0.208333 0 1
0.2079 0 1
0.207469 0 1
0.207039 0 1
0.206612 0 1
0.206186 0 1
0.205761 0 1
0.205339 0 1
0.204918 0 1
0.204499 0 1
0.204082 0 1
0.203666 0 1
0.203252 0 1
0.20284 0 1
0.202429 0 1
0.20202 0 1
0.201613 0 1
0.201207 0 1
0.200803 0 1
0.200401 0 1
0.2 0 1
0.199601 0 1
0.199203 0 1
0.198807 0 1
0.198413 0 1
0.19802 0 1
0.197628 0 1
0.197239 0 1
0.19685 0 1
0.196464 0 1
0.196078 0 1
0.195695 0 1
0.195313 0 1
0.194932 0 1
0.194553 0 1
0.194175 0 1
0.193798 0 1
0.193424 0 1
0.19305 0 1
0.192678 0 1
0.192308 0 1
0.191939 0 1
0.191571 0 1
0.191205 0 1
0.19084 0 1
0.190476 0 1
0.190114 0 1
0.189753 0 1
0.189394 0 1
0.189036 0 1
0.188679 0 1
0.188324 0 1
0.18797 0 1
0.187617 0 1
0.187266 0 1
0.186916 0 1
0.186567 0 1
0.18622 0 1
0.185874 0 1
0.185529 0 1
0.185185 0 1
0.184843 0 1
0.184502 0 1
0.184162 0 1
0.183824 0 1
0.183486 0 1
0.18315 0 1
0.182815 0 1
0.182482 0 1
0.182149 0 1
0.181818 0 1
0.181488 0 1
0.181159 0 1
0.180832 0 1
0.180505 0 1
0.18018 0 1
0.179856 0 1
0.179533 0 1
0.179211 0 1
0.178891 0 1
0.178571 0 1
0.178253 0 1
0.177936 0 1
0.17762 0 1
0.177305 0 1
0.176991 0 1
0.176678 0 1
0.176367 0 1
0.176056 0 1
0.175747 0 1
0.175439 0 1
0.175131 0 1
0.174825 0 1
0.17452 0 1
0.174216 0 1
0.173913 0 1
0.173611 0 1
0.17331 0 1
0.17301 0 1
0.172712 0 1
0.172414 0 1
0.172117 0 1
0.171821 0 1
0.171527 0 1
0.171233 0 1
0.17094 0 1
0.170648 0 1
0.170358 0 1
0.170068 0 1
0.169779 0 1
0.169492 0 1
0.169205 0 1
0.168919 0 1
0.168634 0 1
0.16835 0 1
0.168067 0 1
0.167785 0 1
0.167504 0 1
0.167224 0 1
0.166945 0 1
0.166667 0 1
0.166389 0 1
0.166113 0 1
0.165837 0 1
0.165563 0 1
0.165289 0 1
0.165017 0 1
0.164745 0 1
0.164474 0 1
0.164204 0 1
0.163934 0 1
0.163666 0 1
0.163399 0 1
0.163132 0 1
0.162866 0 1
0.162602 0 1
0.162338 0 1
0.162075 0 1
0.161812 0 1
0.161551 0 1
0.16129 0 1
0.161031 0 1
0.160772 0 1
0.160514 0 1
0.160256 0 1
0.16 0 1
0.159744 0 1
0.15949 0 1
0.159236 0 1
0.158983 0 1
0.15873 0 1
0.158479 0 1
0.158228 0 1
0.157978 0 1
0.157729 0 1
0.15748 0 1
0.157233 0 1
0.156986 0 1
0.15674 0 1
0.156495 0 1
0.15625 0 1
0.156006 0 1
0.155763 0 1
0.155521 0 1
0.15528 0 1
0.155039 0 1
0.154799 0 1
0.15456 0 1
0.154321 0 1
0.154083 0 1
0.153846 0 1
0.15361 0 1
0.153374 0 1
0.153139 0 1
0.152905 0 1
0.152672 0 1
0.152439 0 1
0.152207 0 1
0.151976 0 1
0.151745 0 1
0.151515 0 1
0.151286 0 1
0.151057 0 1
0.15083 0 1
0.150602 0 1
0.150376 0 1
0.15015 0 1
0.149925 0 1
0.149701 0 1
0.149477 0 1
0.149254 0 1
0.149031 0 1
0.14881 0 1
0.148588 0 1
0.148368 0 1
0.148148 0 1
0.147929 0 1
0.14771 0 1
0.147493 0 1
0.147275 0 1
0.147059 0 1
0.146843 0 1
0.146628 0 1
0.146413 0 1
0.146199 0 1
0.145985 0 1
0.145773 0 1
0.14556 0 1
0.145349 0 1
0.145138 0 1
0.144928 0 1
0.144718 0 1
0.144509 0 1
0.1443 0 1
0.144092 0 1
0.143885 0 1
0.143678 0 1
0.143472 0 1
0.143266 0 1
0.143062 0 1
0.142857 0 1
0.142653 0 1
0.14245 0 1
0.142248 0 1
0.142045 0 1
0.141844 0 1
0.141643 0 1
0.141443 0 1
0.141243 0 1
0.141044 0 1
0.140845 0 1
0.140647 0 1
0.140449 0 1
0.140252 0 1
0.140056 0 1
0.13986 0 1
0.139665 0 1
0.13947 0 1
0.139276 0 1
0.139082 0 1
0.138889 0 1
0.138696 0 1
0.138504 0 1
0.138313 0 1
0.138122 0 1
0.137931 0 1
0.137741 0 1
0.137552 0 1
0.137363 0 1
0.137174 0 1
0.136986 0 1
0.136799 0 1
0.136612 0 1
0.136426 0 1
0.13624 0 1
0.136054 0 1
0.13587 0 1
0.135685 0 1
0.135501 0 1
0.135318 0 1
0.135135 0 1
0.134953 0 1
0.134771 0 1
0.13459 0 1
0.134409 0 1
0.134228 0 1
0.134048 0 1
0.133869 0 1
0.13369 0 1
0.133511 0 1
0.133333 0 1
0.133156 0 1
0.132979 0 1
0.132802 0 1
0.132626 0 1
0.13245 0 1
0.132275 0 1
0.1321 0 1
0.131926 0 1
0.131752 0 1
0.131579 0 1
0.131406 0 1
0.131234 0 1
0.131062 0 1
0.13089 0 1
0.130719 0 1
0.130548 0 1
0.130378 0 1
0.130208 0 1
0.130039 0 1
0.12987 0 1
0.129702 0 1
0.129534 0 1
0.129366 0 1
0.129199 0 1
0.129032 0 1
0.128866 0 1
0.1287 0 1
0.128535 0 1
0.12837 0 1
0.128205 0 1
0.128041 0 1
0.127877 0 1
0.127714 0 1
0.127551 0 1
0.127389 0 1
0.127226 0 1
0.127065 0 1
0.126904 0 1
0.126743 0 1
0.126582 0 1
0.126422 0 1
0.126263 0 1
0.126103 0 1
0.125945 0 1
0.125786 0 1
0.125628 0 1
0.125471 0 1
0.125313 0 1
0.125156 0 1
0.125 0 1
0.124844 0 1
0.124688 0 1
0.124533 0 1
0.124378 0 1
0.124224 0 1
0.124069 0 1
0.123916 0 1
0.123762 0 1
0.123609 0 1
0.123457 0 1
0.123305 0 1
0.123153 0 1
0.123001 0 1
0.12285 0 1
0.122699 0 1
0.122549 0 1
0.122399 0 1
0.122249 0 1
0.1221 0 1
0.121951 0 1
0.121803 0 1
0.121655 0 1
0.121507 0 1
0.121359 0 1
0.121212 0 1
0.121065 0 1
0.120919 0 1
0.120773 0 1
0.120627 0 1
0.120482 0 1
0.120337 0 1
0.120192 0 1
0.120048 0 1
0.119904 0 1
0.11976 0 1
0.119617 0 1
0.119474 0 1
0.119332 0 1
0.11919 0 1
0.119048 0 1
0.118906 0 1
0.118765 0 1
0.118624 0 1
0.118483 0 1
0.118343 0 1
0.118203 0 1
0.118064 0 1
0.117925 0 1
0.117786 0 1
0.117647 0 1
0.117509 0 1
0.117371 0 1
0.117233 0 1
0.117096 0 1
0.116959 0 1
0.116822 0 1
0.116686 0 1
0.11655 0 1
0.116414 0 1
0.116279 0 1
0.116144 0 1
0.116009 0 1
0.115875 0 1
0.115741 0 1
0.115607 0 1
0.115473 0 1
0.11534 0 1
0.115207 0 1
0.115075 0 1
0.114943 0 1
0.114811 0 1
0.114679 0 1
0.114548 0 1
0.114416 0 1
0.114286 0 1
0.114155 0 1
0.114025 0 1
0.113895 0 1
0.113766 0 1
0.113636 0 1
0.113507 0 1
0.113379 0 1
0.11325 0 1
0.113122 0 1
0.112994 0 1
0.112867 0 1
0.11274 0 1
0.112613 0 1
0.112486 0 1
0.11236 0 1
0.112233 0 1
0.112108 0 1
0.111982 0 1
0.111857 0 1
0.111732 0 1
0.111607 0 1
0.111483 0 1
0.111359 0 1
0.111235 0 1
0.111111 0 1
0.110988 0 1
0.110865 0 1
0.110742 0 1
0.110619 0 1
0.110497 0 1
0.110375 0 1
0.110254 0 1
0.110132 0 1
0.110011 0 1
0.10989 0 1
0.109769 0 1
0.109649 0 1
0.109529 0 1
0.109409 0 1
0.10929 0 1
0.10917 0 1
0.109051 0 1
0.108932 0 1
0.108814 0 1
0.108696 0 1
0.108578 0 1
0.10846 0 1
0.108342 0 1
0.108225 0 1
0.108108 0 1
0.107991 0 1
0.107875 0 1
0.107759 0 1
0.107643 0 1
0.107527 0 1
0.107411 0 1
0.107296 0 1
0.107181 0 1
0.107066 0 1
0.106952 0 1
0.106838 0 1
0.106724 0 1
0.10661 0 1
0.106496 0 1
0.106383 0 1
0.10627 0 1
0.106157 0 1
0.106045 0 1
0.105932 0 1
0.10582 0 1
0.105708 0 1
0.105597 0 1
0.105485 0 1
0.105374 0 1
0.105263 0 1
0.105152 0 1
0.105042 0 1
0.104932 0 1
0.104822 0 1
0.104712 0 1
0.104603 0 1
0.104493 0 1
0.104384 0 1
0.104275 0 1
0.104167 0 1
0.104058 0 1
0.10395 0 1
0.103842 0 1
0.103734 0 1
0.103627 0 1
0.10352 0 1
0.103413 0 1
0.103306 0 1
0.103199 0 1
0.103093 0 1
0.102987 0 1
0.102881 0 1
0.102775 0 1
0.102669 0 1
0.102564 0 1
0.102459 0 1
0.102354 0 1
0.102249 0 1
0.102145 0 1
0.102041 0 1
0.101937 0 1
0.101833 0 1
0.101729 0 1
0.101626 0 1
0.101523 0 1
0.10142 0 1
0.101317 0 1
0.101215 0 1
0.101112 0 1
0.10101 0 1
0.100908 0 1
0.100806 0 1
0.100705 0 1
0.100604 0 1
0.100503 0 1
0.100402 0 1
0.100301 0 1
0.1002 0 1
0.1001 0 1
0.1 0 1
