5 157.164 0
4.54545 183.971 0
4.16667 238.005 0
3.84615 294.365 0
3.57143 373.527 0
3.33333 446.596 0
3.125 532.164 0
2.94118 725.278 0
2.77778 824.983 0
2.63158 1009.27 0
2.5 1335.07 0
2.38095 2132.71 0
2.27273 3753.98 0
2.17391 1910.5 0
2.08333 1548.36 0
2 1155.92 0
1.92308 973.142 0
1.85185 777.276 0
1.78571 667.501 0
1.72414 572.194 0
1.66667 484.674 0
1.6129 440.392 0
1.5625 392.722 0
1.51515 330.493 0
1.47059 297.064 0.000333444
1.42857 255.071 0.00100033
1.38889 218.805 0.00366789
1.35135 199.837 0.00500167
1.31579 171.145 0.0163388
1.28205 148.146 0.0316772
1.25 131.289 0.0536846
1.21951 121.777 0.0880293
1.19048 98.3184 0.115705
1.16279 89.558 0.167056
1.13636 86.0855 0.226742
1.11111 72.051 0.284428
1.08696 58.4272 0.330443
1.06383 55.8426 0.404135
1.04167 45.5526 0.464488
1.02041 42.0987 0.52851
1 37.2516 0.581194
0.980392 33.2046 0.622874
0.961538 29.3302 0.655552
0.943396 25.0272 0.707569
0.925926 21.8712 0.753585
0.909091 20.0332 0.776926
0.892857 16.7606 0.818273
0.877193 15.4957 0.832277
0.862069 13.4864 0.86062
0.847458 10.9679 0.89063
0.833333 10.9036 0.88963
0.819672 8.65196 0.915639
0.806452 8.3599 0.914972
0.793651 7.83854 0.930977
0.78125 7.10625 0.937312
0.769231 5.30849 0.952984
0.757576 5.06172 0.955985
0.746269 4.19469 0.965655
0.735294 3.22272 0.971991
0.724638 2.77845 0.976659
0.714286 2.59109 0.979326
0.704225 2.61276 0.979326
0.694444 1.31427 0.989997
0.684932 2.15412 0.985995
0.675676 1.66259 0.987996
0.666667 1.3319 0.990664
0.657895 1.89789 0.986996
0.649351 0.805456 0.994665
0.641026 0.826513 0.994665
0.632911 0.689564 0.995665
0.625 0.544494 0.996666
0.617284 0.72492 0.995665
0.609756 0.686011 0.995999
0.60241 0.892665 0.995332
0.595238 0.180513 0.999
0.588235 0.307855 0.998333
0.581395 0.315142 0.998333
0.574713 0.451217 0.997666
0.568182 0.395831 0.997999
0.561798 0.13514 0.999333
0.555556 0 1
0.549451 0.141282 0.999333
0.543478 0.288615 0.998666
0.537634 0.14756 0.999333
0.531915 0.3013 0.998666
0.526316 0.0770133 0.999667
0.520833 0.0786432 0.999667
0.515464 0.0802901 0.999667
0.510204 0.0819541 0.999667
0.505051 0.167215 0.999333
