5 39.2269 0.0671843
4 67.093 0.0835971
3.33333 110.154 0.107787
2.85714 202.233 0.160093
2.5 394.81 0.327461
2.22222 604.24 0.764245
2 295.135 0.912126
1.81818 181.049 0.953815
1.66667 127.445 0.973565
1.53846 85.4749 0.984584
1.42857 65.3568 0.990034
1.33333 48.5087 0.993671
1.25 35.4903 0.995976
1.17647 24.9027 0.997418
1.11111 17.5969 0.998323
1.05263 12.2634 0.998933
1 10.0469 0.999229
0.952381 6.75091 0.999531
0.909091 4.70384 0.999695
0.869565 3.60208 0.999782
0.833333 2.9296 0.999839
0.8 1.58964 0.999922
0.769231 1.39728 0.999939
0.740741 1.0692 0.999954
0.714286 0.717311 0.999971
0.689655 0.335643 0.999987
0.666667 0.538109 0.999981
0.645161 0.345268 0.999989
0.625 0.122819 0.999996
0.606061 0.174109 0.999995
0.588235 0.04624 0.999999
0.571429 0.049 0.999999
0.555556 0 1
0.540541 0 1
0.526316 0.05776 0.999999
0.512821 0.06084 0.999999
