5 -0.00225777
4 0.019494
3.33333 -0.0138846
2.85714 0.0154593
2.5 0.0185264
2.22222 0.653847
2 0.666187
1.81818 0.666532
1.66667 0.666611
1.53846 0.666639
1.42857 0.666652
1.33333 0.666658
1.25 0.666661
1.17647 0.666663
1.11111 0.666665
1.05263 0.666665
1 0.666666
0.952381 0.666666
0.909091 0.666666
0.869565 0.666666
0.833333 0.666667
0.8 0.666667
0.769231 0.666667
0.740741 0.666667
0.714286 0.666667
0.689655 0.666667
0.666667 0.666667
0.645161 0.666667
0.625 0.666667
0.606061 0.666667
0.588235 0.666667
0.571429 0.666667
0.555556 0.666667
0.540541 0.666667
0.526316 0.666667
0.512821 0.666667
