5 0.138651
4 0.223678
3.33333 0.345931
2.85714 0.467802
2.5 0.566215
2.22222 0.623555
2 0.648325
1.81818 0.658201
1.66667 0.662539
1.53846 0.664255
1.42857 0.665472
1.33333 0.665946
1.25 0.666198
1.17647 0.666364
1.11111 0.666458
1.05263 0.666557
1 0.666594
0.952381 0.666616
0.909091 0.666639
0.869565 0.666641
0.833333 0.66665
0.8 0.666658
0.769231 0.666661
0.740741 0.666661
0.714286 0.666664
0.689655 0.666664
0.666667 0.666665
0.645161 0.666666
0.625 0.666666
0.606061 0.666666
0.588235 0.666667
0.571429 0.666667
0.555556 0.666667
0.540541 0.666667
0.526316 0.666667
0.512821 0.666667
