0.91304
0.90951
0.908565
0.91018
0.90899
0.91316
0.90728
0.899955
0.91346
0.91096
0.909025
0.916975
0.912965
0.914245
0.911845
0.914075
0.914435
0.9122
0.90012
0.912105
0.91306
0.91271
0.911715
0.910245
0.905895
0.91564
0.909945
0.910395
0.912705
0.90892
0.911595
0.91368
0.91412
0.910705
0.90825
0.915005
0.916205
0.911885
0.91024
0.907045
0.902675
0.91739
0.911525
0.91289
0.90742
0.91329
0.910765
0.91287
0.913035
0.904025
0.910975
0.91543
0.91556
0.91629
0.910885
0.91055
0.911245
0.91074
0.91211
0.910295
