1 0.99625
0.0947154 0.99625
-0.00900246 0.99
-0.00401537 0.99625
-0.00381953 0.99875
0.00297034 0.99625
0.0267015 0.99625
0.0164855 0.99875
-0.00966395 0.99625
-0.0129884 0.99375
-0.0175085 0.99375
-0.0102416 0.995
-0.0304747 0.9975
-0.0332821 0.99625
-0.0162938 0.99875
0.0149013 0.9975
0.00567127 0.995
0.00273258 0.99625
-0.000207286 0.9925
-0.0259874 0.9975
0.0059826 0.995
-0.00572576 0.99875
-0.0229426 0.9975
-0.00265464 0.99125
-0.00933889 0.99125
0.0115066 0.9975
-0.0151278 0.9975
0.00536715 0.9975
-0.0195545 0.9975
-0.00212328 0.99875
0.0146735 0.9975
-0.00339096 0.99625
-0.0180426 0.9975
-0.0176379 0.9975
0.00804404 0.99125
0.0016627 0.9925
-0.00217266 0.9975
-0.00861163 0.9975
-0.0309947 0.9975
-0.0194848 0.99875
0.00474161 0.99125
-0.00559098 0.9925
-0.00334802 0.99375
0.00454901 0.995
-0.00951385 0.9975
-0.0111849 0.9925
0.00893589 0.99625
0.00988554 1
0.00922008 0.995
-0.00962913 0.995
0.0289385 0.99625
-0.0106615 0.99625
0.00708517 0.99625
0.0303557 0.99875
-0.00903596 0.9975
0.011069 0.99625
-4.48671e-05 0.99875
0.00615068 0.9975
0.00594885 0.99875
-0.0171506 0.9975
0.00241194 0.995
0.0420945 0.99375
0.0253624 0.99875
0.00792421 0.99
0.00832668 1
-0.00126156 0.99375
-0.0103659 0.99625
-0.0319904 0.995
0.0173774 0.9925
0.0129471 0.99875
0.0261927 0.99625
0.00954325 0.9975
0.00589331 0.9875
-0.0190857 0.995
-0.0179029 0.9975
-0.0158708 0.9975
-0.0333737 0.99875
-0.0214462 0.99375
-0.00130288 0.9975
-0.000508497 0.9975
0.00892516 0.9975
0.00256888 0.99875
-0.00434257 0.99875
-0.000666973 0.99125
0.00724331 0.99625
-0.0219027 0.99875
-0.00640828 0.9975
-0.00939131 0.9975
0.00149278 0.99375
0.00562164 0.99375
0.0186752 0.995
0.00842109 0.995
-0.0320787 0.99625
-0.0093082 0.99875
0.00107783 1
0.0219347 0.995
0.0146984 0.995
0.0233152 0.99375
-0.00581938 0.99625
-0.0281709 0.99625
-0.011278 1
0.00129916 0.99875
-0.00140344 0.99625
-0.00607114 0.9975
-0.0173935 0.99375
-0.0209876 0.995
-0.00470303 0.995
0.000358388 0.99875
0.0063837 0.99625
-0.00208313 0.99625
0.0122622 0.99875
-0.00184249 0.9975
-0.017707 0.99875
0.0144449 0.995
0.0132687 0.9975
0.0121132 0.995
-0.00397524 0.99625
-0.0196312 0.9975
0.0281243 0.9975
-0.00195953 0.9975
-0.00856155 0.9925
0.0180521 0.995
0.0155673 0.99875
0.00922234 0.99
0.00919036 1
0.0107879 0.9975
-0.0168327 0.9975
0.000198661 0.99625
0.00814818 0.995
0.00497095 0.99375
0.00419706 0.99875
0.0163291 0.99625
-0.0113778 1
0.0109284 0.99625
-0.000170371 0.99625
-0.00166626 0.99625
-0.0270891 0.9975
0.00727346 0.99625
0.0218968 0.9975
-0.00796812 0.99375
-0.00261455 0.99625
-0.014711 0.9925
-0.00452463 0.99375
-0.00380642 0.9975
-0.0166751 0.99625
-0.00907806 1
-0.0169772 0.99625
0.0100893 0.99625
0.0121795 0.99375
0.0120937 0.995
0.031799 0.9975
0.0103367 0.995
0.0163326 0.995
-0.0129613 0.9975
0.00260143 0.9975
-0.00795373 0.99625
-0.0119184 0.99625
-0.0133695 0.995
0.0249675 0.99375
0.00592 1
0.0154243 0.99625
0.0018662 0.9925
-0.0121298 1
-0.022457 0.99875
0.0280552 0.99625
0.0170078 0.995
0.00544765 0.99375
0.0285528 0.9925
-0.0163345 0.9975
-0.00110284 0.99375
0.00568166 0.99375
0.0257205 0.995
0.0117655 0.995
-0.00555287 0.99625
-0.00722446 0.995
0.0162742 0.9975
0.0129481 1
-0.0192028 0.99625
-0.00109159 0.995
0.0203565 0.99875
-0.00914447 0.9975
-0.00336622 1
-0.0323636 1
-0.0189689 0.995
-0.0142637 0.99625
-0.00325898 0.99375
0.013843 0.99625
0.00694598 0.99625
-0.0245734 0.9925
0.00105477 0.99125
0.00329225 0.99625
0.00496488 0.99875
0.0157178 0.99375
0.0303146 0.9975
-0.000162367 0.9975
0.00793046 0.9925
-0.00780637 0.98875
-0.0122074 0.995
0.0117075 0.9975
0.00359499 0.99875
-0.00664484 0.9975
0.0035376 0.995
0.0280531 0.99625
-0.00602363 0.9975
-0.0106819 0.995
0.0166262 0.99
0.00327956 0.99625
-0.025595 0.99875
-0.0088666 0.9975
0.000939473 0.99875
0.0269469 0.995
0.0124528 0.99375
0.0159583 0.99875
-0.00442011 0.99375
-0.0250578 0.995
0.0197971 0.99375
0.0174714 0.99875
0.0239436 0.99375
-0.00276252 0.99375
0.01121 0.99375
0.000163674 0.9925
0.0113857 0.995
0.0129615 0.995
-0.0049757 0.99375
-0.00835038 1
-0.0312266 0.9975
-0.0135164 0.9925
0.0108611 0.99875
-0.0246797 0.99625
-0.0159754 0.99875
0.00850447 0.99875
0.0201572 0.99625
0.00524686 0.995
-0.00648927 0.9975
-0.0139957 0.99625
0.0212411 0.99375
0.0367718 0.99125
0.00540658 0.99375
-0.0214705 0.99625
-0.00820114 0.99875
-0.0120386 0.9975
0.00612702 0.99875
0.00714783 0.9975
-0.0160315 0.99625
-0.00739678 0.99875
0.00392427 0.9975
-0.00386342 0.995
0.00987198 0.99125
-0.0144421 0.99375
-0.0131158 0.99375
-0.0162905 0.99375
0.0146609 0.995
0.00615027 0.99625
-0.00296972 0.99375
-0.0197274 0.99875
0.00233546 0.99875
0.00213514 0.99375
0.00893457 0.9975
-0.0118703 0.99625
-0.0197157 0.99875
-0.00152292 0.9975
0.0177474 0.9975
0.00146203 1
0.0207852 0.99875
-0.021106 0.99625
-0.0130636 0.9925
0.00202839 0.9975
-0.00695376 0.99625
0.00416845 0.995
-0.0146189 0.99875
-0.0043893 0.99625
-0.0136902 0.99875
0.0307678 0.995
-0.00210957 0.99375
-0.0117143 0.9975
0.00132628 0.995
-0.00599113 0.9975
0.0134323 0.99875
-0.0210781 0.9975
0.00602462 0.99625
-0.00993735 0.99625
-0.0054659 0.99875
-0.0176478 0.99875
-0.00301271 0.995
-0.0105871 0.99125
0.0084694 0.99875
0.0157222 0.9975
0.0138929 0.99375
0.00461783 0.99625
0.0100988 0.9975
-0.0111915 0.99625
-0.0170248 0.99375
0.0169391 0.9925
0.00737744 0.99625
-0.00720986 0.9975
0.0125543 0.9975
0.00476355 0.995
0.00636303 0.99625
2.43397e-05 0.99375
0.0179274 0.995
0.00690533 0.99875
0.00453449 0.995
0.00672564 0.99875
-0.00411649 0.99875
-0.0244824 0.99875
-0.00253086 0.99875
0.00799131 1
-0.0301093 0.995
-0.0153095 0.995
0.0154007 0.9975
0.00541364 1
0.0116228 0.995
0.00867887 0.99375
-0.000869537 0.995
0.028616 0.9975
0.00400232 0.995
0.0362473 1
0.0215383 0.9975
0.0149188 1
0.00188551 0.9925
-0.00905291 0.99625
0.0198829 0.995
0.0105417 0.99375
0.0051314 0.99875
-0.00759371 0.99125
0.0207855 0.995
0.00989302 0.99125
0.0140887 0.995
0.0119974 0.98875
-0.0107567 0.995
-0.0170414 0.99875
-0.00525648 0.9975
-0.0409764 0.9975
-0.00820934 0.9975
-0.00485195 0.99625
-0.0155694 0.9925
0.00593644 0.99875
-0.000623553 0.99875
-0.00122053 0.98875
-0.0212559 0.99625
0.000513726 0.9975
0.00851242 0.99875
0.0189838 0.995
0.0496224 0.99875
0.00527662 0.99
-0.00975176 0.99375
-0.02172 0.99875
0.00281257 0.995
0.0326604 0.995
-0.00792547 0.9925
-0.00469117 0.99875
0.0160313 0.99875
-0.0125718 0.99375
-0.00965163 0.9975
-0.0216181 0.99625
-0.0259021 0.9975
0.00119876 0.9975
-0.00795772 0.99875
0.0146873 0.99125
-0.00510444 0.99125
-0.00777802 0.99125
0.0146566 0.99875
-0.0104236 0.99875
0.0274326 0.99375
0.0234669 0.9975
-0.000578826 0.99875
-0.00504903 0.9975
0.0160047 0.99625
-0.0169636 0.9975
0.0143587 0.98875
-0.003933 0.99625
0.00706447 0.99875
-0.0141856 0.9975
-0.000959495 0.9975
0.0125886 0.9925
-0.02277 0.99875
-0.00135134 0.995
-0.0284841 1
-0.00410539 0.995
0.0109844 0.99625
0.00537154 1
0.0214317 0.99625
0.0325061 0.99375
0.0321373 0.9975
0.0197398 0.99375
0.00529785 0.99875
-0.00390425 0.99375
-0.0112966 0.99625
0.000521902 0.9925
0.002981 0.99625
-0.0172641 0.99625
-0.00411189 0.995
0.00242018 0.99625
-0.0115061 0.99875
-0.00110245 0.9975
-0.0240952 0.99875
-0.0318589 0.995
0.00856685 0.9975
0.0170301 1
0.0164519 0.9975
0.000666483 0.9975
-0.0056678 1
-0.0246604 0.9975
-0.0151377 0.99625
-0.0200801 0.99375
0.00699298 0.99625
0.0173938 0.99875
0.00733255 0.995
-0.0182283 0.995
-0.0187241 0.99625
-0.0156891 0.9975
0.0046069 0.99625
0.0250716 0.995
0.0331786 0.99625
0.0124125 0.995
-0.00611653 0.98375
-0.00624464 0.99875
0.016259 0.9975
-0.0157795 0.99875
-0.00417841 0.99625
-0.0185648 0.99625
-0.00782703 0.995
-0.00234937 0.99125
0.0234174 0.99375
0.000215992 0.9975
-0.0220817 0.99375
-0.00146892 0.99375
0.00893217 0.9975
-0.0031438 0.99625
-0.00536564 0.9975
0.0126035 0.99875
0.00793507 0.995
0.00676729 0.9975
0.0155355 0.99625
0.0279485 0.995
-0.00475635 0.995
0.0107506 0.9975
0.0129733 0.995
0.0113925 0.99625
-0.00301615 0.9975
-0.00749059 0.99
0.0132971 0.99625
-0.00504324 0.99375
0.00422358 0.995
0.0162828 0.99875
-0.00842795 0.9975
0.0121636 0.99375
0.018204 0.99625
0.00503177 0.9975
0.00872946 0.99125
-0.00472565 0.995
0.0178547 0.995
-0.0168602 0.995
0.0221813 0.9925
0.0324309 0.99375
-0.0039257 0.99875
-0.0271016 0.99875
-0.0131621 0.99
-0.0108073 0.995
-0.0162117 0.995
0.020299 0.99625
0.00136513 0.99375
-0.0264134 0.99875
-0.0144372 0.99875
-0.00486498 0.99875
0.00309751 0.995
0.0122746 0.99625
-0.00441386 0.9925
-0.0103351 0.99875
0.011676 0.9975
-0.016415 0.9975
0.018672 0.99625
0.0068737 0.99375
0.000660095 0.9925
-0.00793628 0.99625
-0.0198181 0.9925
0.00252581 1
-0.00322097 0.9975
0.0127656 0.99
-0.00872007 0.995
6.63846e-05 0.9975
0.0132647 0.995
0.0106154 0.9925
-0.0171283 0.99875
0.00603087 0.995
0.0229593 0.99625
-0.00578492 0.995
0.013442 0.99125
0.0162703 0.995
0.00786889 0.99375
-0.0138441 0.99875
0.000261312 0.9975
-0.0132755 0.9975
-0.0260409 1
0.0254899 0.9975
-0.0172839 0.9975
-0.000540059 0.9975
-0.0264221 0.99625
0.0033574 0.995
-0.0324549 0.9975
0.0150308 0.995
0.0290933 1
0.0095234 0.99125
-0.0284121 0.9975
-0.00909403 0.99375
-0.00753955 0.9925
-0.000807394 0.99625
0.0247782 0.9975
-0.00620148 0.9975
0.0166468 0.99375
-0.012299 0.99625
0.00232415 0.99125
0.00407005 0.99375
-0.0020717 0.9925
0.0179597 0.99625
0.0115852 0.99625
0.0151765 0.99875
-0.00124317 0.9925
0.00153064 0.99625
-0.0124257 0.99375
-0.0138313 0.995
-0.00661141 0.99625
0.0135363 0.995
-0.00237981 0.9975
-0.0227302 0.99875
-0.0485459 0.99375
-0.0220208 0.99875
0.0203067 0.9975
-0.0116893 0.9925
0.00922574 0.9975
-0.0184007 0.9925
0.00807916 0.99375
0.00075345 0.9975
0.00166402 0.9925
0.00196683 0.9975
-0.0178238 0.9975
-0.0296006 0.995
-0.00128367 0.9975
-0.0209357 0.995
-0.0249393 0.99375
-4.8643e-05 0.9925
0.00718346 0.99625
-0.0257952 0.99375
-0.033721 0.9925
0.0107722 0.9975
-0.00282951 0.99375
-0.0168128 0.99625
-0.00915232 0.99625
-0.00341428 0.99625
0.0136613 0.995
0.00264185 0.9975
-0.00288308 0.9975
-0.0175435 0.99875
-0.0196546 0.995
0.00433944 0.9975
-0.00320145 0.9975
0.00472472 0.9975
0.00212276 0.99625
0.00886487 0.995
0.0248752 0.99625
0.00914662 0.99625
-0.00604714 0.99375
0.0137052 0.99875
-0.0176021 0.9925
0.000117676 0.98875
0.00234363 0.99625
0.014569 0.995
-0.0250102 0.9975
-0.0188603 0.99625
0.0211677 0.9975
0.0167091 0.995
-0.00274309 0.99875
0.0137839 0.99625
0.00379344 0.99875
0.0113281 0.99625
0.0176613 0.99375
0.00413148 0.99625
-0.00577539 0.99625
0.0263918 0.99625
0.0228829 0.995
0.00999265 0.995
-0.00286775 0.99375
0.016738 0.99625
-0.0138107 0.9975
0.0497723 0.99125
0.0143504 0.9975
-0.00856803 0.9925
-0.0111903 0.9975
-0.0108871 0.99125
-0.0218911 0.99
-0.0365748 0.99625
0.00472849 0.9975
-0.00486808 0.995
-0.0238765 0.995
-0.01877 0.99
0.00243338 0.99625
-0.0184029 0.99625
-0.0146811 0.99625
0.0474412 0.995
0.0303553 0.99875
0.017812 0.995
-0.0155356 0.99125
-0.00683966 0.99375
0.00484485 0.9975
-0.0187642 0.99875
0.021092 0.9975
0.00472195 0.99875
-0.0169396 0.99625
-0.0250522 1
0.00911179 0.99375
-0.0164577 0.9975
0.0139834 0.99625
-0.0120376 0.99375
-0.0104335 0.9925
0.0121033 0.99125
0.0416252 0.99875
0.00878877 0.99875
-0.0387702 0.99625
0.00538722 0.99875
0.0200406 1
0.00431019 0.99875
-0.0160241 0.99
0.00735253 0.995
0.00276509 0.99875
0.00671762 1
0.012118 0.995
-0.0037907 1
-0.00636483 0.9975
0.00819648 0.99625
0.00237071 0.995
0.0197526 0.9975
-0.00325699 0.99875
0.0171954 0.99625
0.00126197 0.99875
-0.00530259 0.99625
0.0168165 0.995
0.018615 0.99375
0.0102287 0.99125
-0.00658736 0.99375
0.0336428 0.99875
0.00375349 0.9975
-0.00863818 0.99875
0.0135753 0.99625
0.00407218 0.99375
0.0161693 0.995
0.00941182 0.99625
0.00634955 0.99625
-0.00525374 0.995
-0.00518523 0.9925
0.00224943 0.99625
0.0223792 0.99375
-0.0262215 0.99875
-0.0148068 0.99875
0.0016283 0.995
-0.0238292 0.98875
-0.00604007 0.99125
0.00132234 0.9925
-0.0341806 1
-0.0265088 0.9975
0.000761851 0.99
-0.00310707 0.99625
0.00503522 0.9975
0.00487741 0.995
0.00142831 0.99625
0.0155095 0.9975
0.0199127 1
0.0181292 0.9975
0.0137993 0.995
-0.00204616 1
0.00411922 1
0.0172059 0.99375
-0.00751434 0.9925
-0.0108162 0.99125
-0.0148324 0.99625
0.00752003 0.995
-0.00962185 0.9975
0.0161881 0.995
0.0028138 0.9925
0.00999779 0.9925
0.0261871 0.99375
0.0122125 0.9975
0.00727371 0.995
-0.0307941 0.99875
0.00865311 0.9975
-0.0183488 0.995
-0.0100558 1
-0.0169083 0.9975
0.0182632 1
-0.00797348 0.99875
-0.00304168 0.99625
-0.00818808 0.99375
-0.00320559 1
0.0164635 0.99625
-0.0234111 0.9975
-0.0137422 0.99625
-0.00565954 0.99375
-0.00195836 0.995
-0.00255656 0.99375
0.00159687 0.99625
-0.0111566 0.9925
-0.0102861 0.99875
-0.0136843 0.995
-0.010284 0.99375
-0.00492303 0.99625
0.00923917 0.99375
-0.0249909 0.99875
-0.0039108 0.9975
-0.0075436 0.99625
-0.00695064 0.9975
-0.00892834 0.9975
-0.0112239 0.99375
0.00506902 0.99625
-0.00690566 0.995
-0.000933918 0.9975
-0.0118055 0.99625
-0.00341638 1
0.00298713 0.995
-0.00920931 0.99625
-0.0126569 0.995
-0.0107083 0.995
-0.0136815 0.995
0.00597213 0.9925
0.0258551 0.9975
-0.0014379 0.99625
-0.00858116 0.9975
0.0107128 0.995
0.0286337 0.99375
0.0160353 0.99625
0.00300273 1
0.00323346 0.99625
-0.000808822 0.99875
-0.00128943 0.99375
0.0203045 0.99625
0.0032755 0.99125
0.0014235 0.9975
0.00779576 0.99875
0.0180576 0.9975
0.00447038 0.99625
0.0023712 0.995
-0.00801122 0.99375
0.0146282 1
0.0087488 0.9975
-0.0132304 0.995
-0.00607601 0.99875
-0.0168659 0.9975
0.00830428 1
-0.00952939 0.99875
0.00353326 0.99875
-0.00426434 0.9975
0.0139097 0.99625
0.00799329 0.9925
-0.0201846 0.9925
-0.0224931 0.9925
-0.00513079 0.99625
-0.0159334 1
-0.0131561 0.99125
0.00620449 0.9925
0.00827418 0.99625
-0.0132334 0.99375
0.0104801 0.99375
-0.00917474 0.99625
-0.00140918 0.9975
0.00347298 0.9975
-0.00937421 0.99625
0.0128871 1
-0.00791423 0.995
0.00346664 0.9925
-0.00363658 0.9925
-0.00317026 0.99375
-0.00238236 0.9975
0.0291693 1
-0.00409479 0.9975
-0.00443191 0.99625
-0.0177318 0.99125
0.00445649 0.99625
0.00300706 0.9975
7.16502e-05 0.99375
0.0378049 0.9975
-0.00330137 0.9975
-0.0022269 0.9925
-0.022932 0.99625
-0.015827 0.995
-0.0200971 0.9975
-0.018753 0.99375
0.0220892 0.99375
0.0182716 0.9975
0.0331246 0.99125
-0.00146842 0.99375
-0.0166644 0.99375
0.0262379 0.9975
0.0479372 1
0.00296691 0.99625
-0.000849396 0.995
0.0291107 0.99375
0.0310172 0.98875
0.00596909 0.995
-0.0023022 0.9975
0.030808 0.99625
-0.0215071 1
0.0219314 0.9975
-0.0119622 0.99375
-0.00160807 0.9925
-0.01125 0.9975
-0.00608553 0.99625
0.00634553 0.99625
-0.00959568 1
0.0105318 0.995
-0.0181093 0.99625
-0.0341302 0.99
-0.0198068 0.99375
0.00479305 0.9975
-0.0103228 0.99375
-0.0190666 0.99375
-0.00425154 0.99875
0.00318896 0.99375
0.0139314 0.9925
0.00629759 0.995
-0.0217008 0.9975
-0.0183582 0.99625
-0.00599796 0.99625
-0.00276248 0.995
0.00804359 0.9975
0.0113591 0.99625
-0.0363797 0.9925
-0.0182494 0.9975
0.0123993 0.99875
-0.00512376 0.99875
0.0108467 0.99875
-0.0166984 0.99875
0.0365306 0.99625
0.0184697 0.99375
0.0132171 0.995
0.00751027 0.995
-0.000821492 0.9975
-0.0169761 0.99
0.00610276 0.99625
0.0147151 0.9975
-0.00103308 0.99125
-0.0139367 0.995
-0.0341094 0.9975
-0.011674 0.99875
-0.00254052 0.9975
0.00280028 0.99875
-0.0118412 0.99875
-0.0263263 0.99875
0.0185611 0.99375
-0.0217502 0.99375
-0.00616006 0.99875
-0.0116793 0.99375
-0.00893869 0.9925
-0.00599509 0.9975
-0.0300929 0.9925
-0.0166537 0.995
-0.00323346 0.9975
0.0108742 0.9975
-0.00403462 0.9975
0.0153409 0.9925
-0.0156513 0.99375
-0.0179043 0.99875
0.0074914 0.9975
-0.0149507 0.99375
0.0187953 0.9925
-0.0235166 0.99625
-0.00525039 0.995
-0.0290442 0.99375
0.0354686 0.99375
-0.0296953 0.995
0.0151017 0.995
-0.0182128 0.9975
-0.0263452 0.9975
0.0378535 0.9925
0.00621696 0.9975
0.000187088 1
-0.0161327 1
-0.000363458 0.9925
0.00509712 0.99625
-0.00521141 0.9925
0.00792211 0.99875
0.0107753 0.99
0.00963395 0.99625
0.0213085 0.99875
0.00171269 0.995
-0.0190477 0.99375
0.0267515 0.99625
0.0197947 0.99625
0.0264928 0.99125
0.0203974 0.995
0.00463738 0.9975
-0.00023403 0.9975
-0.0171005 0.9925
0.0103574 0.99625
0.00352445 0.9975
-0.0117374 0.99875
-0.00485608 0.99625
-0.00193119 0.9975
0.00397537 0.99875
0.00166783 0.9925
0.0141153 0.9925
-0.0368787 0.9925
-0.00671364 0.99625
0.038424 0.9975
0.0217088 0.9975
-0.0107327 0.99625
-0.00674337 0.99625
-0.0295573 0.9975
-0.0174637 0.99875
-0.0197311 0.995
0.0302964 0.995
-0.0108785 0.995
-0.0305902 0.995
-0.00135228 0.99375
-0.0160083 0.99875
-0.00657642 0.995
0.00390962 0.99375
-0.0128285 0.99125
0.0256518 0.995
-0.00816692 0.99875
0.0302947 0.99375
-0.029745 0.99625
-0.00793737 0.99375
0.0140224 0.995
-0.00576706 0.99375
0.00735768 0.99375
0.0439562 0.995
0.010704 1
0.0112685 0.9975
0.0210478 0.9925
-0.0030947 0.99875
-0.00281583 0.995
-0.024536 0.99625
-0.00995151 0.9975
-0.000229631 0.99125
0.00606572 0.9975
0.00959985 0.995
0.00503481 0.99625
-0.0279185 0.9925
0.0104997 0.995
0.0122882 0.99625
-0.00394208 0.9975
0.0149923 0.99625
0.0141175 0.995
-0.0106642 0.99875
0.024774 0.9975
0.0319554 0.9975
0.000920569 0.99375
-0.0046775 0.9925
-0.0254834 0.99375
-0.014321 0.995
0.00874332 0.9975
0.0315994 0.995
-0.014598 0.995
-0.00131727 0.98875
-0.018317 0.99375
0.000176332 0.9975
-0.0184342 0.99875
-0.0227587 0.99625
1.33063e-05 0.9975
0.00239045 0.995
0.0058292 0.995
0.00216669 0.9925
-0.00602711 0.9925
-0.011584 0.9925
-0.0121978 0.9925
0.0240467 0.99625
0.0197361 0.99625
0.011316 0.99
0.00618412 0.99375
0.0108891 0.995
-0.00954693 0.99625
0.00174525 0.9975
-0.0103484 0.9925
-2.40468e-05 0.99125
-0.0140838 0.99125
-0.0336553 0.995
-0.0418215 0.9925
-0.0535509 0.9975
0.0142426 0.9975
3.89909e-05 0.995
-0.00101665 0.995
0.00450653 0.9975
0.00159141 0.995
0.00667577 0.99625
-0.0220561 0.99375
0.0408398 0.9975
-0.0282431 0.99375
0.00117685 0.99625
-0.00955818 0.99875
0.0135492 0.995
0.0121427 0.99875
0.0124948 0.99875
-0.0040764 1
0.0155211 0.995
0.0230361 0.99625
0.00530715 0.9975
0.0191139 0.99625
0.027484 0.995
-0.000520637 0.99625
0.000547753 0.99875
0.0207423 0.99625
-0.0177522 0.98875
-0.00934098 0.99625
0.00974218 0.995
-0.0104625 0.99625
0.0284993 0.995
0.00105393 0.99625
-0.00169676 0.99625
0.00645535 0.99625
-0.018031 0.99625
0.0146389 1
-0.0125959 0.99125
-0.0256262 0.995
0.000395046 0.99625
0.00564974 0.99625
0.0032621 0.995
0.0113011 0.99375
-0.0249752 0.99625
0.00687952 0.9975
0.000276064 0.9975
-0.00231328 0.99375
0.00225408 0.99375
0.00184508 0.99375
0.00439192 0.99375
-0.0337114 0.995
-0.0152779 1
-0.0229642 0.9975
0.0148949 0.99875
-0.00293128 0.99625
-0.0282935 0.995
0.00037914 0.99625
0.0264851 0.995
-0.0146791 0.995
-0.0104043 0.9975
-0.0029915 0.99625
-0.00722564 0.99625
-0.014494 0.99625
-0.0194186 0.99875
0.010395 0.99375
0.01934 0.9975
0.00804619 0.99875
0.0382194 0.99625
-0.00144828 1
-0.0233607 0.99875
-0.0155362 0.99625
-0.0206826 0.99875
-0.00850535 0.9975
0.0100899 1
0.00662522 0.99625
0.0204989 1
0.00875326 0.99625
0.00513996 1
0.0052443 0.99875
0.0195151 1
-0.00910124 0.9975
-0.00525145 0.99625
0.00729219 0.9975
-0.0130655 0.99625
0.00848401 0.99625
-0.00895276 0.99625
-0.0390121 0.99875
-0.0244979 0.99875
-0.010242 0.9975
0.0174537 0.995
0.0110827 0.9975
-0.0257162 0.99625
0.000934111 0.99625
0.0219778 0.995
0.0160403 0.99625
0.00568608 0.99625
-0.033089 0.9975
0.00528458 0.9975
-0.0175991 0.99625
0.0111638 0.99
0.0131341 0.99875
0.0071833 0.995
-0.00325819 0.995
-0.00749751 0.9925
-0.00922084 0.9975
0.00559396 0.9975
0.022696 0.99625
-0.0139835 0.995
0.0160602 0.995
0.0159953 0.99625
0.0123534 0.99125
-0.00583911 0.995
0.00183366 0.99625
-0.0103482 0.99875
0.0475802 0.9975
0.0159897 0.99875
0.00133005 0.99875
0.0316469 0.9925
0.00478893 0.99125
-0.00707608 0.995
-0.0144119 0.995
-0.000113011 0.99625
-0.00959289 0.99625
-0.0185817 0.99875
0.0155212 0.99375
0.0079004 0.9975
-0.00334211 0.99875
0.018112 0.9975
-0.00175401 0.99625
0.0153534 1
0.0140534 0.995
0.00780219 1
0.00644557 1
0.000122073 0.99625
0.00974608 0.99375
0.00579748 0.995
0.00619926 0.99625
0.0161014 0.99
0.0276887 0.99625
0.0315246 1
-0.0150522 0.99875
-0.0310252 0.995
-0.0145006 0.99875
-0.0167678 0.995
0.0248341 0.99875
0.0279884 0.99125
0.00814086 0.9975
-0.0133069 0.9975
0.00566025 0.995
-0.0139253 0.9975
-0.00611201 0.9975
-0.0436198 0.995
0.00326785 0.995
0.0163945 0.9925
-0.000757159 0.99375
0.0224863 0.99875
-0.00212691 0.9975
0.00239449 0.99375
0.0117007 0.9975
0.00943044 0.9975
-0.0103318 0.9975
-0.00299581 0.99375
-0.00794876 0.995
-0.0140137 0.99375
-0.00728138 1
-0.00407859 0.99375
0.00318768 0.99625
-0.0185888 0.99375
-0.0429906 0.99875
0.00747739 0.99625
0.0116777 1
0.0141721 0.98875
-0.0100972 0.9825
-0.0133704 0.99875
0.0203756 0.9975
0.0498784 1
0.0114767 0.995
-0.0136942 0.9925
-0.0174756 0.985
-0.0107987 0.99625
0.0193458 0.9925
-0.000983411 0.99625
-0.00835471 0.99625
0.0127713 0.99875
-0.0185523 0.99625
0.00477253 0.995
0.0231018 0.9975
0.000672624 0.99625
-0.0342809 0.9925
-0.0129375 0.995
-0.00126887 0.995
-0.0146394 0.99375
0.027143 0.99625
-0.0218782 0.99625
-0.0223502 0.9975
-0.0125789 0.9925
-0.0125167 0.99
-0.0295135 0.99625
0.0070885 0.995
-0.0329344 0.9975
-0.0131005 0.995
0.0190536 0.99875
-0.000267398 1
0.00563451 0.99875
0.0104732 0.9975
0.00877742 0.99875
-0.00519011 0.9975
0.0124843 0.9975
0.0149209 1
-0.00388899 0.99875
-0.00435829 0.9975
-0.00964958 0.9975
-0.0168618 0.9975
-0.0131963 0.995
-0.0219759 0.99875
0.00398601 0.99875
-0.0110753 0.9975
0.00811211 0.9975
0.0221359 0.995
-0.00917108 1
0.0138211 0.9975
-0.0114203 0.99875
-0.0154375 0.99625
-0.0214903 0.99875
-0.000359963 0.99625
-0.0133409 0.99625
0.01626 0.9975
0.025051 0.99625
0.0350712 0.99375
-0.0187751 0.99375
-0.0232014 0.99875
0.0220369 0.99625
0.0295326 0.99125
-0.000289314 0.99625
0.00676413 0.99625
0.00235214 0.99625
-0.00144172 0.99125
-0.00796772 0.9925
0.00140857 0.9925
0.0170544 0.99625
-0.00444803 0.995
-0.00431394 0.99625
0.014381 0.995
-0.00874169 0.99375
0.000234324 0.99375
0.0220275 0.9925
0.0201234 1
-0.0114578 0.99375
-0.00869682 0.99875
-0.00293282 1
-0.0162497 0.995
-0.00626223 1
-0.0168731 0.9975
-0.0105651 0.995
0.014505 0.9975
0.00918486 0.9975
0.0199961 0.99875
-0.0124868 0.99625
-0.00812432 0.99625
-0.0028858 0.99625
-0.0177225 0.9975
-0.0440037 0.9975
0.00526703 0.99625
0.00704297 0.99875
-0.000139563 0.9975
0.0147104 0.995
0.00466351 0.9925
0.00690018 0.995
0.00613441 0.99625
-0.00509154 0.9975
0.00852477 0.99625
-0.00638037 0.9975
0.0228474 0.98875
-0.0158712 0.99375
-0.0229673 0.9975
-0.013294 0.995
0.0459233 0.99875
0.0152115 0.995
0.0301732 0.99625
-0.00753184 0.99375
-0.0274288 0.99625
-0.015718 0.995
-0.000832363 0.99875
0.0147869 0.99625
-0.0137001 0.9975
-0.000478248 0.995
0.00746891 0.99875
0.00401584 0.995
0.0142333 0.99625
-0.00214039 0.9975
0.004011 0.9975
-0.0118146 1
0.0283437 0.995
-0.00131412 0.995
-0.0254852 0.99375
-0.00238416 0.99125
0.0164276 0.99125
-0.0142453 0.99625
0.0194317 0.9975
0.00726358 0.9975
-0.0167897 0.995
-0.0132339 0.995
-0.0307241 0.99875
0.0243138 0.99125
0.0256234 0.99375
0.0101659 0.99625
0.00493996 0.995
-0.0057404 0.99625
0.0118804 0.9975
0.0113042 0.995
0.00674829 0.995
-0.0154774 0.9975
0.00328491 1
-0.00784996 0.99875
-0.00871375 0.99625
-0.00393127 0.995
-0.00400561 0.995
-0.0264394 0.9975
-0.0222357 1
0.0100929 0.995
-0.037524 0.99625
-0.0278614 0.9975
-0.0108437 0.99375
0.0050969 0.99125
-0.00810225 0.9975
0.00492476 0.99625
-0.00963793 0.99625
-0.015718 0.9925
-0.0115703 0.9975
0.015025 0.99375
-0.0047958 0.99625
-0.000274407 0.9975
0.0107006 0.99375
0.0254874 0.99875
0.0221649 1
0.0172124 0.99625
0.00517688 0.99375
0.00948203 0.99625
0.0106861 0.99125
0.0140596 0.9975
0.0204544 0.9925
0.010531 0.995
0.0193254 0.9975
-0.0312682 0.99625
0.0058051 0.995
0.00178648 0.99625
0.0031188 0.995
-0.00627162 0.9925
0.00369778 0.99875
-0.0174512 0.99875
0.0234955 0.99625
-0.00995925 0.99375
-0.0129517 0.99625
-0.00234465 0.99125
-0.00557788 0.99375
-0.00757471 0.99125
-0.00503014 0.99625
-0.0408118 0.99875
0.0156469 0.99875
-0.0136218 0.99625
-0.017819 0.995
-0.0115532 0.99625
0.0124435 0.995
-0.0376579 0.99
-0.00836065 0.99125
0.0204387 0.99375
0.0195847 0.9975
-0.0157168 0.99625
0.00833252 0.9975
0.0427407 0.9975
-0.0331329 0.9975
0.0138067 0.995
0.0114052 0.99875
-0.0102953 1
0.00469447 0.9975
0.00403438 0.9925
-0.00931028 0.99875
-0.0224767 1
0.00104923 0.995
-0.0181679 0.9975
-0.00549165 0.9925
-0.0110723 0.99625
-0.00395101 0.9925
-0.00191795 0.99875
0.0192565 0.99875
0.00629873 0.99375
-0.0143746 0.995
0.0308668 0.99375
0.0106337 0.9925
0.0141398 0.99625
-0.00669827 0.99875
0.0278417 0.99875
0.0346478 0.9975
0.0209611 0.995
-0.0144006 0.99375
-0.0195595 0.99625
-0.00295547 1
0.00638554 1
0.0112816 0.9975
0.00773743 0.995
0.00724675 0.995
-0.0254626 0.99875
-0.018018 0.995
0.0149319 0.99625
0.00180424 0.9975
0.00784843 0.99625
-0.0142238 0.99375
-0.0197897 0.99625
-0.00932678 0.99625
-0.0325347 0.9975
-0.0204366 0.99625
-0.001422 0.995
-0.00315998 0.995
0.00396686 0.99625
-0.00287825 0.995
-0.0151102 0.995
0.0110105 0.99125
-0.0159349 0.99875
0.0126622 0.99875
0.0206304 0.9975
0.011634 0.99875
-0.00397739 0.9975
0.0289462 0.9975
-0.0043631 0.99
-0.0077181 0.99375
0.00909592 0.99875
0.00299902 0.99375
0.0217129 0.9975
-0.000490394 0.9925
-0.00488052 0.9975
0.0231173 0.9975
-0.0122447 0.9975
0.00669397 0.9925
0.00651864 0.99875
-0.00808882 0.99375
-0.0290921 1
-0.00651272 0.9975
0.0278 0.9975
0.00266727 0.9975
-0.015283 0.9975
-0.0170681 0.99625
-0.00857812 0.99625
0.0179824 1
0.0274491 0.995
-0.014969 0.99625
-0.0215428 0.99875
0.0102099 0.99375
-0.00233198 0.99875
-0.0112297 0.9975
-0.000878325 0.9975
-0.0297713 0.995
-0.0350006 0.99625
-0.00213073 1
0.00994569 0.99375
0.00435743 0.9925
0.00802919 0.9975
-0.000929797 0.99625
0.0170175 0.99125
0.0347852 0.99625
-0.0245246 0.99625
-0.0249008 0.99625
0.00578286 0.9925
0.0148286 0.99625
-0.0280391 0.99875
0.0119117 0.99375
0.00764221 0.99875
-0.00981126 0.99375
-0.0130319 0.99875
0.0124425 0.9925
0.00800663 0.99625
-0.0332136 0.99375
-0.0461464 0.99375
0.00237328 0.995
0.0181523 0.99
-0.0149313 0.99125
0.00740021 0.9975
0.00260056 0.99375
0.00252514 0.99625
0.00399569 0.99625
0.0193154 0.9975
0.0145577 0.99875
0.00488892 0.9875
0.0224048 0.99375
-0.00458236 0.99625
-0.0201808 0.995
-0.0339578 0.9975
-0.0292027 0.99875
0.0045547 0.99875
0.00989983 0.9925
-0.00417973 0.9975
-0.00724316 0.99875
-0.0113724 0.995
-0.0216254 0.99875
0.0129458 0.99875
0.023214 0.995
-0.00479677 1
-0.0131058 0.9925
-0.00597518 0.9975
0.0267091 0.99625
0.0327583 1
0.0352686 0.99875
-0.0105908 0.995
-0.00165505 0.99375
-0.0100534 0.995
-0.0145845 0.9925
0.00428634 0.99875
-0.00882363 0.995
-0.0281181 0.99375
0.0235473 0.99875
-0.00812626 1
-0.0454804 0.995
-0.00312721 0.99875
-0.0164253 0.99875
0.00290425 0.995
0.0183019 1
-0.0238755 0.995
-0.00867011 0.99625
0.00888172 0.9975
-0.00151647 0.99625
-0.0199217 0.99375
0.0100726 0.99375
0.00890978 0.99625
-0.0104922 1
0.0106994 0.99625
-0.00228188 0.995
0.0264766 0.99875
0.00892334 0.99875
0.0342065 0.99625
-0.00489628 0.9975
-0.0087412 0.9925
-0.0104802 0.9975
0.0212554 0.99875
-0.0277064 0.99625
-0.0152408 0.99
-0.00999519 0.99375
-0.0194011 0.995
-0.00412238 0.995
0.00036654 0.9975
0.0111799 0.995
-0.00151253 0.99125
-0.00121574 0.99625
-0.0125997 0.99375
-0.0201651 0.99625
0.0179335 0.99375
0.00932153 1
-0.00285374 0.995
0.00798402 0.99625
-0.0187526 0.99875
0.00619471 1
-0.015163 0.9975
-0.000919224 0.99875
0.0434526 0.9975
0.0151532 0.995
0.0218501 0.995
0.0228316 0.99375
-0.00116208 0.9975
-0.00743014 0.9875
-0.013671 0.99375
-0.00653553 0.99875
-0.00257668 0.99125
-0.0187569 0.995
0.00649504 0.99375
0.00242086 0.99625
0.0140227 0.9925
-0.00834514 0.99625
-0.00576872 0.99125
-0.00980556 0.995
0.00488792 0.99875
0.0177761 0.9975
-0.000345507 0.9975
0.0102958 0.99375
-3.41244e-05 0.99125
-0.01394 0.9925
-0.00893795 0.995
0.0155189 0.99125
0.00355859 0.9975
0.00587376 0.995
0.00210042 0.99625
0.00493169 0.9925
-0.00389253 0.995
-0.0193034 0.99875
-0.00927091 0.99625
0.0138618 0.995
0.0270368 0.99625
0.0521064 0.99
0.0229313 0.99625
-0.00591154 0.99125
0.00867115 0.995
0.00856401 0.995
0.0261083 0.99625
0.0265844 0.9975
0.0283686 0.995
-0.00721849 0.99375
0.00496873 0.99625
0.0133868 0.99625
0.0127477 0.99625
-0.0204781 0.9975
-0.00767094 0.995
0.024305 0.99125
0.0058287 0.9975
-0.0158772 0.9975
-0.0160836 0.99625
-0.00311871 0.99625
0.000739821 0.99625
0.0124955 0.99125
-0.0108282 0.9975
0.0047965 0.99375
-0.034392 0.99625
-0.00497544 0.9975
-0.00808468 0.99375
-0.00495424 0.9975
0.000412158 0.9975
-0.0248612 0.99125
-0.00835114 0.99375
0.0177708 0.9925
0.0178649 0.995
0.003769 0.9975
-0.0036061 0.99625
-0.0014024 0.9925
0.000680073 1
-0.00636519 0.99875
0.0164503 0.99375
-0.0186096 0.9975
0.000637534 0.9975
-0.00266779 0.99375
-0.019434 0.9925
-0.00716259 0.98875
0.0164161 0.99875
-0.0174449 0.99875
0.00766645 0.9975
-0.00278219 0.9975
0.00258548 0.9925
0.00807976 0.99375
0.000918152 0.9975
0.00552139 0.995
0.00699934 0.99875
-0.0226899 0.995
-0.00555369 0.9975
0.0117464 0.99875
-0.0107321 0.9975
0.0208363 0.99625
0.0235253 0.99625
-0.0374656 0.99625
-0.00706619 0.995
-0.0177475 1
-0.00359917 0.9975
0.0318462 0.99625
0.0103567 0.9975
0.0112692 0.9975
0.0252576 0.99875
-0.016344 0.995
-0.00216956 0.9975
-0.00579731 0.99625
-0.0210613 0.99875
-0.00786788 0.9925
-0.00319179 0.99625
0.023381 0.9975
-0.0206336 0.99375
0.00394895 0.99625
0.0249141 0.99875
-0.0369301 0.99875
-0.0122382 0.995
-0.00582988 0.99875
0.00740341 0.995
0.00235108 0.99625
-0.00839467 0.99625
0.00317024 0.9925
0.00508179 0.9925
-0.0022488 0.9975
-0.0460392 0.9975
-0.0119875 0.9975
-0.0203583 0.9975
0.0204829 0.995
0.0337017 0.99875
-0.0127316 0.99625
-0.0102745 0.99625
-0.0162081 0.9925
-0.03327 0.99375
-0.0345627 0.99375
-0.00391358 0.9925
-0.00374603 0.9975
-0.012608 0.9875
-0.0342879 0.99375
0.00927826 0.99375
0.0040404 0.99875
0.00530492 0.995
-0.00308251 0.99625
0.0161783 0.9975
0.0350593 0.99875
0.0355207 0.99625
0.0131757 0.9975
-0.011768 0.99625
0.0072525 0.9975
-0.00632566 0.9975
-0.0281611 0.99625
-0.00685378 0.99625
-0.0104682 0.99625
0.00916221 0.99875
0.00314784 0.9975
0.000114504 0.99875
-0.0282784 0.9975
-0.0123704 0.99875
0.00329609 0.99875
0.0194749 0.99375
-0.00948109 0.995
-0.00797652 0.99625
-0.0016864 0.995
-0.0164736 0.99625
0.00807093 0.9975
0.0221849 1
-0.00995891 0.99375
-0.0170585 0.9975
0.0302682 0.9975
0.00839797 0.9925
0.00805051 0.9975
-0.00970506 0.99625
0.0101643 0.99375
0.0158496 0.99625
-0.00185609 0.9975
-0.0117515 0.99375
0.0144796 0.9975
-0.00526619 0.9975
0.0108295 0.9975
-0.0212538 0.99
0.00174662 0.99875
-0.0258313 0.9975
-0.0446542 0.9925
-0.0275479 0.99625
-0.0196533 0.99875
0.0185178 0.995
0.0159516 1
0.00375757 0.99625
0.00673763 0.9975
0.0182724 1
0.0126233 0.99625
0.0161011 0.995
0.0359243 0.9975
0.0110359 0.99125
-0.00282181 0.9925
0.0115936 0.99375
-0.00620042 0.99625
0.0294895 0.995
0.00433866 0.9975
0.00643795 0.99375
0.01072 0.99375
0.0118188 0.9975
-0.00858873 0.9875
-0.0246098 0.99625
-0.00117138 0.995
-0.00874919 0.99625
0.010513 0.98875
-0.0153344 0.99375
-0.0234022 0.9975
0.00353647 0.995
0.0167418 0.9975
-0.00418355 1
0.0169692 0.995
-0.00977117 0.995
0.0139672 1
0.00563501 0.995
0.00668956 0.99875
0.00790479 1
-0.0421571 0.99625
0.0104654 0.9975
-0.00134086 0.99875
-0.0160548 0.995
-0.0198136 0.995
-0.00120763 0.995
-0.0105778 0.9975
-0.0117396 0.9925
0.0112837 0.9975
-0.000531514 0.99375
-0.0144255 0.9975
-0.0165537 0.99375
0.0247981 0.995
-0.00613847 0.99625
-0.0107901 0.99
0.0107714 0.9925
-0.00760084 0.995
-0.00628661 0.9975
0.0155529 0.99625
-0.00413981 0.9975
-0.0130037 1
0.0384692 0.99875
-0.00228466 0.99375
0.010207 0.9975
0.0147389 0.99625
-0.0228491 0.98875
-0.00562353 0.99625
0.00189408 0.99625
0.0240945 0.99375
0.0213852 0.995
0.00447125 0.99625
-0.0134875 0.99625
-0.00305051 0.99625
-0.0337508 0.9925
-0.0332629 0.99625
-0.0140516 0.99375
0.00334254 0.9975
0.00486231 0.99625
0.0190657 1
0.0166863 0.99375
-0.0305576 0.9975
0.00905373 0.9975
0.0270388 0.995
0.0337279 0.99875
0.0043462 0.99625
-0.00640216 0.99125
0.00983108 0.995
-0.0343171 0.99375
-0.000648409 0.995
-0.000131599 0.9975
-0.0161978 0.9975
0.0214106 0.99375
0.0147603 0.9925
0.0322396 0.99375
0.00704801 0.99375
-0.0322128 0.99625
-0.0249127 1
0.013741 0.99875
0.00260962 0.9975
0.00568846 0.99375
-0.0207987 0.9975
-0.00568567 0.99625
0.021301 0.99875
0.0301682 0.99375
-0.00183118 0.99375
-0.0283785 0.99625
-0.0414787 0.99375
-0.00208799 0.99625
0.0151406 0.995
-0.000820445 0.99625
-0.037634 0.995
-0.0138543 0.99625
-0.0178073 0.99625
-0.0148686 0.99875
0.00672917 0.9975
0.0013207 0.9925
-0.00671317 0.99875
-0.049135 1
-0.00985724 0.99375
0.031464 0.995
0.0159783 0.99625
-0.00964626 0.99625
0.0111043 0.99875
-0.0164926 0.995
0.00895241 0.9975
-0.00176533 0.9975
0.00413348 0.99625
-0.0418884 0.99625
-0.0140673 0.995
0.0193343 0.9975
0.0352731 0.9975
-0.0190974 0.99375
0.0380731 0.9975
-0.00769613 0.995
0.00146321 0.9975
-0.00229947 0.99625
-0.00444778 0.99625
0.00269152 0.9975
0.00998376 0.995
0.024248 0.9975
0.000503842 0.9975
0.0124779 0.99875
0.00304229 0.995
0.00960281 0.99875
0.00409572 0.9975
-0.00880846 0.9975
-0.00429763 0.99625
0.00185508 0.9975
0.0310419 0.995
0.0076463 0.99375
-0.00963422 0.9975
-0.02038 0.995
0.0120205 0.9975
-0.0311777 0.995
-0.0070214 0.99125
-0.0306062 0.99625
-0.00718136 1
0.00212757 0.99125
-0.0270243 0.99625
0.00662542 0.99375
0.0212336 0.99375
-0.0145572 0.99125
0.00730463 0.99375
-0.0102641 1
-0.0295913 0.99375
0.0336695 0.98375
0.00966625 0.9975
-0.0168687 0.99375
-0.014628 0.9975
-0.00738555 1
-0.012377 0.99875
0.0134174 0.99625
0.0450676 0.98625
0.00053663 0.995
-0.00889891 0.99375
-0.0163864 0.995
0.0319661 0.995
0.0223477 0.99625
-0.00120095 0.99375
0.00322637 0.9975
0.0208199 0.99375
0.00353946 0.99375
0.01112 0.995
0.0219022 0.99625
0.0172164 0.9975
0.0230148 0.99875
0.00341117 0.99375
0.0104334 0.99375
0.00656004 0.99625
0.00587088 0.99375
0.0152662 0.995
-0.013066 0.99
0.0189643 0.995
0.00823425 1
-0.0373668 0.9975
-0.0344748 0.995
-0.0284198 0.99875
-0.00219642 0.99375
-0.0026883 1
-0.0442432 0.9975
0.0158033 0.995
0.00704838 0.99625
-0.0244191 0.99875
-0.0244643 0.99625
-0.0281166 0.9925
-0.0219741 0.9975
0.0163703 0.99625
-0.00414455 0.99375
0.00341221 0.99375
0.00595935 0.995
0.0117674 0.99375
-0.0220203 0.99375
0.0047719 0.9925
0.0109914 0.99375
-0.0260929 0.9975
0.0171659 0.99625
0.0235812 0.99625
-0.0149232 0.99125
-0.0157435 0.99375
0.00653824 0.9975
0.0216501 0.99375
-0.00149802 0.9975
0.00173644 0.99875
-0.00667861 0.99875
0.0117909 0.9975
0.010756 0.99875
0.028428 1
0.0358204 1
-0.0226935 0.9975
0.0154955 0.9975
0.0321727 0.99875
0.0191717 0.995
0.0131532 0.995
-0.0146484 0.99375
0.00488334 0.9975
-0.00829715 0.9975
0.00404465 0.9975
0.0218464 0.9975
-0.000799652 0.99875
-0.0698834 1
0.0133981 0.9975
-0.00778906 0.995
-0.011771 0.9975
0.0197341 0.995
-0.0163962 0.995
-0.00750529 0.995
-0.018618 0.99125
-0.0201482 0.99375
-0.0111471 0.9975
-0.0141818 1
-0.0223176 0.9925
-0.00623943 0.99375
0.00870193 0.99625
0.00979784 0.995
0.00100901 0.99625
0.0220681 0.995
-0.0121292 0.99625
-0.0101133 0.995
0.0279805 0.9975
-0.0148287 0.99625
-0.0209655 0.995
0.000712139 0.99375
0.0317142 1
0.0117199 0.9925
-0.03364 0.99625
-0.0294073 0.99375
-0.0147661 0.99625
0.01389 0.99875
0.00700661 0.9975
-0.0234342 0.9975
-0.0191744 1
-0.058706 0.9975
-0.0130592 0.99625
0.0144126 1
0.00184172 0.995
-0.0213631 0.99125
-0.0196995 0.995
0.00877324 1
0.0152823 0.995
0.0325576 0.99625
0.0461118 0.99375
-0.0040897 0.9925
-0.021281 0.995
0.0047055 1
0.00247113 0.99875
0.0214202 0.99125
0.0134082 0.995
-0.00628327 0.995
-0.0147608 0.99375
-0.00568733 0.9975
0.0227738 0.9975
-0.00420711 0.99875
-0.00261631 0.99625
-0.0126341 0.9975
0.0140572 0.995
0.0318929 0.9975
-0.00715038 0.99625
-0.0407115 0.99625
-0.00723214 0.9975
0.000186543 0.9975
0.00494904 0.99875
-0.0022564 0.99875
-0.0124777 0.99625
0.0304002 0.98625
-0.0296833 0.99125
-0.0114542 0.99875
-0.00731366 0.99625
-0.0242842 0.995
0.00406304 0.99625
0.0403499 0.9925
0.0293302 0.99875
-0.00674953 1
0.0113201 0.995
0.00351155 0.9975
0.000870767 0.99625
0.00810482 0.99625
0.0062502 0.99875
-0.00867286 0.99625
-0.0300982 0.99375
-0.0270479 0.99375
0.0204123 0.9925
-0.0243746 0.995
-0.0332705 0.9975
0.00715282 0.99875
0.00429323 0.99625
0.00216863 0.9975
0.000341108 0.99375
-0.0144061 0.99625
-0.0231234 0.99125
-0.032232 0.9925
0.0132594 0.99875
0.0266173 0.99875
0.0141922 0.99375
-0.00902211 0.99125
-0.00295842 0.99625
0.00749094 0.99625
0.000183699 0.9975
0.00840431 0.99375
0.0344593 0.995
-0.0219621 0.99375
-0.00115306 0.99
-0.0216486 0.9925
-0.0277983 0.9975
0.0050825 0.99625
-0.0217167 0.9925
-0.00657605 0.99625
-0.0173218 0.99625
0.00104634 0.995
0.0198689 0.99875
0.00393975 0.995
0.0332301 0.995
0.0329724 0.9975
-0.0233439 1
-0.00472827 1
-0.00675314 0.99375
-0.0044021 0.9975
-0.00642824 0.99375
0.00126101 0.99125
-0.00917113 0.9925
-0.0248088 0.9975
-0.0109767 0.99875
-0.0297159 0.99625
-0.0144732 0.9975
0.0122038 1
-0.00496437 0.995
0.0120629 0.995
-0.0150403 0.99625
-0.0103702 0.99625
-0.00395243 0.9975
-0.0151202 0.99625
-0.00177202 0.99625
0.0011633 0.9925
-0.0389022 0.99375
0.011087 0.9975
0.0240877 0.99875
0.0307463 0.995
0.00767886 0.99375
0.0329028 0.9975
0.00731972 0.99875
0.0254506 0.99375
0.0338372 0.9925
0.0238884 0.9975
-0.00981472 0.995
0.00792445 0.995
-0.00930875 0.99625
-0.0276993 1
-0.0339263 0.995
-0.014542 0.9975
-0.0348533 0.995
-0.0248663 0.995
-0.0122368 0.995
-0.0231504 0.99375
-0.0037111 0.99875
-0.0157069 0.985
-0.0290384 0.99625
0.00579472 0.99375
-0.00956993 0.9975
-0.00882226 0.995
-0.00160044 0.99625
-0.00156844 0.99875
0.0186335 0.99625
0.00126687 0.99875
-0.00462438 0.99625
0.00311544 0.995
0.00799585 1
-0.0010177 0.99875
-0.00165332 0.9975
-0.000232766 0.99625
-0.00483743 0.99625
-0.00491484 0.99875
-0.00981329 0.99625
0.00892733 1
0.00925175 0.99875
-0.00153914 0.99625
-0.0229685 0.99375
-0.0327645 0.9925
-0.0175633 0.995
-0.00454172 0.9975
0.00555561 0.99375
0.00620599 0.99375
-0.00501039 0.995
0.0120392 0.995
-0.000923612 0.995
-0.0221476 0.99625
-0.0147021 0.9975
-0.0022968 0.99875
-0.0185689 0.9925
-0.0200679 0.99625
-0.000511685 0.99875
-0.0191085 0.99625
0.00600743 0.995
-0.0108717 0.995
-0.00709513 0.99125
0.00518422 0.99625
0.015742 0.99875
-0.0018858 0.99625
-0.0206373 0.9925
0.0167687 0.99625
-0.0105583 0.99875
-0.0123901 1
0.0116478 0.9975
0.00330734 0.99625
0.0229496 0.9975
-0.0191251 0.9975
0.00176515 0.99875
0.0172417 0.99875
0.0546499 0.995
0.00464477 0.9975
0.0123999 0.99125
0.0186421 0.99625
0.00778835 0.99625
0.023117 0.99125
0.0110116 0.99375
0.00804302 0.995
-0.0488664 0.9925
-0.00276115 0.99375
-0.0374414 0.99875
-0.00532208 0.995
-0.0202909 0.995
-0.0150673 0.995
0.0210634 0.9975
0.0136421 0.99625
0.0145069 0.99875
-0.014956 0.9925
-0.00414629 0.99875
-0.00385688 0.99875
-0.0258272 0.995
0.0401704 0.9925
0.00904407 0.99375
-0.0198745 0.99625
-0.0469147 0.99625
-0.0308887 1
0.00649539 0.99625
0.0214441 0.995
-0.0301947 0.9975
-0.0059582 0.995
-0.00176964 0.9975
-0.0268924 0.99375
-0.0301599 0.99375
-0.011937 0.99375
-0.0342588 0.99625
0.0148674 0.99625
0.0256267 0.99875
0.00310872 0.995
-0.0155528 0.995
-0.0435693 0.995
-0.0436072 0.99875
-0.00484107 0.9975
0.0190156 0.995
-0.00457359 0.9975
0.0279899 0.99875
-0.013352 0.99875
0.0178379 0.9975
0.014736 0.9975
-0.000659367 0.99625
0.00971602 0.99625
0.0114648 0.9925
0.0139412 0.99625
-0.000433542 0.9975
0.0213385 0.995
0.0125841 0.9975
-0.0126929 0.99125
0.0110192 0.99625
0.0203279 0.995
0.00504792 0.99375
-0.0123152 0.99625
0.000356533 0.99625
0.0203236 0.99625
0.00969377 0.99
4.7489e-05 0.995
0.0126489 0.995
-0.00151201 0.99875
0.00613786 0.995
0.0108166 0.995
0.0352569 0.995
0.000362986 0.99625
-0.0627625 0.99625
-0.0279165 0.9975
-0.0070934 0.9975
0.0127127 0.99875
-0.0271512 0.99625
0.040351 0.99375
-0.00980497 0.99875
0.00523698 0.99375
0.00234067 0.995
0.00666221 0.99625
0.0461218 0.99375
-0.00314373 0.99875
-0.0373873 0.99875
0.00991322 0.9975
0.0320643 0.9975
-0.00190199 0.995
0.0161139 0.99875
0.0107798 0.9975
-0.0242305 0.99875
0.0218563 0.995
0.0110061 0.9975
0.0116488 0.99875
-0.0367106 0.99875
-0.0162621 0.98875
-0.022207 0.99875
0.00892728 0.99375
0.00521924 0.9975
0.0506932 0.99625
0.00114506 0.99625
-0.0142176 0.99375
0.00820459 0.99625
-0.028905 0.9975
-0.00688926 0.9975
0.0161671 0.99875
-0.000451181 0.99625
0.00618771 0.99375
0.0095846 1
0.0156239 0.9925
-0.0285687 0.99625
-0.0293809 0.99
0.0166196 0.99625
0.0179724 1
-0.0202336 0.99875
0.00368179 0.9925
0.0180751 0.995
-0.0226868 0.99625
-0.00833093 0.9975
-0.0176216 1
0.00717732 0.99125
-0.032999 0.995
0.00702299 0.995
0.0219124 0.995
-0.0278327 0.9975
-0.020721 0.9925
-0.0160688 0.99875
-0.0164038 0.9975
0.037654 0.995
0.0329 0.99375
-0.0138688 1
-0.00736854 0.9925
-0.0106306 0.99625
-0.0167891 0.995
-0.0353724 0.99375
0.0175907 0.9925
-0.00233644 0.99875
-0.0396627 1
-0.0164355 0.99625
0.00592587 0.9975
-0.0246582 0.99875
-0.000631255 0.99875
-0.0131503 0.99625
-0.0182934 0.9925
-0.0106663 0.99125
-0.00201311 0.9975
0.0287091 0.99875
-0.0162362 0.9975
0.0098019 0.9975
-0.00155105 0.9975
-0.0185614 0.995
0.0337368 0.9975
-0.017367 0.9925
-0.0130531 0.9975
0.00306136 0.99875
-0.000380098 0.995
-0.000286935 0.9975
0.0151158 0.99625
0.00136819 0.99375
0.00850296 0.99375
-0.0286923 0.99625
0.0040299 0.99875
0.0100116 0.995
0.00857785 0.99875
-0.0293131 0.99875
0.00246793 0.99875
0.0354954 0.99875
-0.0235563 0.995
-0.0199 0.99875
-0.00884377 0.99625
-0.0232834 0.9975
-0.00518642 0.9975
-0.0479766 1
-0.0184023 0.9925
-0.0388191 0.99625
-0.0213619 0.99875
0.0229337 0.9925
-0.00796774 0.99125
0.0211711 0.99625
0.00872156 0.99375
-0.0545257 0.99375
-0.0125574 0.99625
0.0325825 0.9975
0.0254469 0.99375
-0.0276573 0.995
-0.0366758 0.99
-0.0094146 0.9925
-0.000449271 0.9975
-0.000903524 0.99625
-0.00233623 1
-0.00463094 0.99625
-0.0444952 0.9975
-0.00143066 1
0.0223291 0.995
-0.00955408 0.99875
0.00733855 0.99625
0.0116721 0.9975
0.0356297 1
0.00969029 0.9975
0.00735343 0.99625
-0.020914 0.99375
-0.0378054 0.9975
-0.00637113 0.9925
0.0377715 0.9925
0.024916 0.99625
-0.0379959 0.99375
-0.000273147 0.99125
0.0180396 0.99875
0.00440879 0.99625
0.0270726 0.9975
0.0299378 0.9975
-0.0143173 0.995
0.0221974 0.99875
0.0385855 0.9975
0.00670482 0.9975
0.0230796 0.9975
0.00952758 0.9925
0.0323216 0.99625
0.0221056 0.99625
0.0175994 0.99375
-0.0105615 0.99875
-0.0231819 0.99375
0.0333544 0.9925
0.00601986 0.99375
-0.0337246 0.98875
-0.0231122 0.995
-0.00110603 0.9975
-0.0226023 0.99875
-0.0135629 0.9925
0.0024947 0.99625
-0.0156867 0.99625
-0.0156967 0.99625
-0.0192855 0.995
-0.011341 0.9975
-0.00643505 0.9975
0.0129056 0.99375
-0.0414545 0.99875
0.00119404 0.9975
-0.0161666 0.99625
-0.0023419 1
-0.00866896 0.99625
0.00439123 0.99875
-0.0245309 0.99625
-0.0228271 0.995
-0.0230798 0.99875
-0.00505011 0.99625
-0.00453626 1
0.0281116 0.9925
-0.00520772 0.99
0.0338893 0.99375
0.00116681 0.99625
-0.0390108 0.99375
-0.00238615 0.99875
-0.00613927 0.99375
0.0472275 0.995
-0.01251 0.9925
-0.00419176 0.9975
0.0243864 0.99875
0.0340103 0.99625
0.00987334 0.9975
-0.00972071 0.9975
-0.0496348 0.99875
-0.0377725 1
-0.0165253 0.995
0.00773774 0.9975
0.00453533 0.99625
-0.0279169 0.99625
0.0149278 0.9975
-0.0103088 1
0.0131967 0.99375
0.0209044 0.99875
-0.0298082 0.995
0.0248492 0.9975
0.000193944 0.9975
-0.00894295 0.98625
-0.00397742 0.99875
-0.00521663 0.9975
-0.00346325 0.99625
0.00614352 1
-0.00580282 0.99875
0.00318254 0.99375
-0.0244137 0.995
-0.0179213 0.995
-0.0209532 0.99625
0.0174306 0.99625
-0.000666735 0.99375
-0.00466965 0.995
0.0122814 0.99125
-0.00955581 0.995
-0.0334224 0.9975
0.0264752 0.99875
0.00384414 0.99875
0.00599774 0.9975
-0.00747892 0.9975
0.00322413 0.99375
0.0215545 0.9925
0.00413541 0.99375
0.00411302 0.99625
-0.00908476 0.99875
-0.0140095 0.99625
-0.0149786 0.99625
0.0384656 0.995
-0.0108318 0.995
0.031295 0.995
0.0183636 0.9975
-0.00596888 0.99375
-0.0346982 0.9975
-0.0482235 0.9975
-0.0070526 0.99875
-0.0417972 0.99375
0.0213123 0.9975
0.041794 1
0.0347929 0.99625
-0.010883 0.99375
-0.0406893 0.99625
-0.0144513 0.99625
0.00987681 0.99375
0.0197595 0.9975
-0.00282619 0.995
0.0141534 0.99625
0.0174461 0.995
-0.00808962 0.9975
-0.00739715 0.99625
-0.0327769 0.99625
-0.0261187 0.99875
0.0192116 0.9975
0.00593623 0.99625
0.00100454 0.99625
0.0225443 0.995
-0.0468142 0.99625
-0.000245929 0.98875
0.00446133 0.99375
-0.0231742 0.9975
-0.00294544 0.995
-0.0128996 0.99375
0.00528063 0.9925
0.0268909 0.99125
0.0224247 0.99625
-0.012314 0.99875
-0.0551425 0.99875
-0.00845534 0.9975
0.0211155 0.99875
0.0277389 0.99375
-0.000984045 0.99
-0.00667798 0.99
-0.0128958 0.995
0.000895504 0.99125
0.00683883 0.99625
0.0233942 0.99875
-0.00400534 0.9975
0.015993 0.99375
0.00131365 0.995
0.00195591 0.99625
-0.016367 0.9975
-0.0153352 0.9975
-0.0215616 0.99875
0.00534309 0.9975
-0.0443407 0.9975
-0.0156905 0.9975
0.00744631 0.99875
0.0307686 0.995
-0.0452241 1
-0.0265479 0.9975
-0.00574263 0.99875
0.000760526 0.9975
0.0228078 0.9975
-0.00561666 0.995
0.0281198 0.99375
0.00265222 0.99875
0.00678076 0.995
-0.0131552 0.995
-0.0153478 0.99625
0.0050334 0.99875
0.0144852 1
0.010619 0.99625
-0.0332621 0.995
-0.00128647 0.99375
-0.0144211 0.9925
0.015441 0.995
-0.00338364 0.995
0.0272868 0.9975
0.0165656 0.995
0.0222398 0.99375
-0.00853103 0.99625
-0.0128017 0.995
0.0152449 0.99875
0.0124588 0.99625
0.00430475 0.995
-0.0116763 0.99375
-0.0412031 0.9925
-0.0293987 0.99625
-0.00393599 0.995
-0.00292529 0.99375
-0.00784328 0.995
0.000115972 0.9975
-0.00698904 0.9975
-0.00977415 0.995
0.0237563 0.99375
0.0303619 0.99375
0.0350407 0.9975
0.00401974 0.9925
-0.00771145 0.99625
0.0119221 0.99875
0.0225339 0.99625
-0.0338372 0.99625
0.0120302 0.99375
0.0170557 0.9975
0.0144172 0.99625
0.0541594 0.9975
0.013866 0.995
-0.0165646 0.99875
-0.0142718 0.995
0.00189618 0.99625
0.0261059 0.9975
0.00829735 0.995
0.0104119 0.9925
-0.0179784 0.995
0.011738 0.9975
-0.0356319 0.995
0.0212856 0.995
0.0342881 0.995
0.0113121 0.99625
-0.000131593 0.99875
-0.0201181 0.99875
0.015538 0.995
0.01348 0.99875
-0.0115701 0.99375
-0.0129961 1
0.00160326 0.99875
-0.00194673 1
-0.00913392 0.9975
-4.3419e-05 0.99875
-0.0145523 0.9975
0.00840742 0.9925
0.0269716 0.99625
-0.0201853 0.995
-0.0331301 0.99125
-0.0433902 0.995
0.00033696 0.99875
-0.01212 0.99875
2.56945e-05 0.99625
-0.0166963 0.99625
0.00729918 0.995
0.00401243 0.995
0.0313449 0.99875
-0.00867192 0.99625
-0.00186205 0.99875
-0.0260756 0.995
0.0278256 0.99875
0.0138775 0.9975
0.0514498 0.99625
0.0152245 0.99375
-0.0124813 0.9975
0.00187863 0.99625
-0.0232717 0.99125
-0.0153343 0.9975
-0.00810798 1
0.00377726 0.9975
-0.0135403 0.99375
-0.00765298 0.99625
-0.0148228 0.99625
0.00633559 0.99875
-0.000399307 0.995
0.00569938 0.995
0.00678767 0.9925
0.0136148 0.995
-0.00692114 0.99625
0.00560402 1
0.00276236 0.99625
0.0111941 0.99625
-0.00657851 0.99625
0.0110853 0.99375
-0.0137691 0.9975
-0.0226662 0.99875
-0.000234866 0.9975
0.00433971 0.995
-0.0287777 0.995
-0.0209452 0.995
-0.0405679 0.99625
0.00347355 1
0.00298733 0.995
-0.0260937 0.99875
-0.010488 0.99625
0.00181236 0.995
0.0122096 0.9975
-0.00992102 0.99625
-0.0482466 0.9975
0.015954 0.99875
-0.0146613 0.99875
0.0251473 0.99875
0.0356688 0.9975
0.0429575 0.99625
0.0161631 0.99625
-0.0362592 0.99625
0.0161678 0.995
-0.00594354 0.99875
0.00125402 0.99875
0.0276058 0.9975
0.0184331 0.99625
-0.0129646 0.99875
-0.0158527 0.99375
-0.00401381 0.9925
-0.00180353 0.99625
0.0204246 0.99625
0.00971776 0.99375
0.027178 0.9925
0.0198166 0.99625
-0.000762913 0.99625
-0.0202276 0.99625
0.0177395 0.995
0.00573665 0.99375
-0.00616522 0.99625
0.0474776 1
0.0173506 0.995
0.0304934 0.99625
-0.0113856 0.99
-0.0186834 0.995
0.00315841 0.99625
0.0576343 0.99875
-0.00488262 0.99875
0.0115444 0.99375
0.0178001 0.995
-0.00454407 0.9975
-0.0351568 0.995
-0.0514813 0.99375
-0.0171384 0.995
0.0213078 0.99375
-0.0169607 0.995
-0.0193024 0.9975
0.01973 1
-0.00217449 0.995
0.0175164 0.995
-0.0181653 0.9975
0.0234498 0.995
0.0275656 1
0.039303 0.99875
0.010246 0.995
0.0197828 0.995
-0.0121416 0.9925
-0.0171257 0.99875
0.0185574 0.99625
-0.0330561 0.9975
-0.0305055 0.98875
-0.0045223 0.9975
-0.0417291 0.995
-0.00798815 0.99375
0.0347014 0.99625
-0.000458326 0.99875
-0.0280111 0.9925
-0.0148468 0.99875
-0.0203765 0.99625
-0.0209107 0.99625
-0.00249754 0.99875
-0.0272572 1
-0.0349322 0.99375
-0.00990485 0.9925
-0.0395292 0.9925
0.00550502 0.99
0.0309915 1
-0.0142997 1
0.0405486 0.99625
0.00558624 0.995
0.0169292 0.995
-0.00158307 0.995
0.00906178 1
0.0174615 0.9975
0.0373703 0.9925
-0.00540906 0.99125
0.0108835 0.9975
-0.0103943 0.995
0.0259871 0.995
0.0594108 0.99375
-0.0185277 0.995
0.0284528 0.9975
-0.00164018 1
0.0158688 0.99875
0.00367808 0.99875
0.021548 0.99375
0.00474769 0.995
-0.0250312 0.9975
-0.0152616 0.9925
-0.0193303 0.995
0.0250138 0.99875
0.015979 0.9975
-0.032731 0.99625
-0.0316017 0.9975
0.025727 0.9875
-0.0225362 0.99875
-0.0105697 0.995
0.0131869 0.99625
-0.0417979 0.9975
-0.0187025 0.99375
0.00812296 0.99875
0.0251758 0.9975
-0.0319759 0.99625
0.00274463 0.99875
-0.00759791 0.99625
0.00204436 0.995
0.0144908 0.9975
-0.0246064 0.9975
0.0210364 0.9975
0.0212723 0.99375
-0.0161376 0.99625
-0.0295984 0.9975
-0.0213721 0.9975
-0.0239815 0.9975
-0.0422162 0.9975
0.0101696 0.99875
0.00949678 0.9975
-0.00368773 0.99625
-0.0195543 0.995
-0.0279076 0.99625
-0.00712283 0.9925
0.0242132 0.995
-0.0364014 0.995
-0.000163999 1
0.0201803 0.99625
-0.026169 0.995
0.00163902 0.99375
-0.0201402 0.99875
0.00193397 1
-0.0106245 1
0.0103533 0.9975
-0.00426762 0.99375
-0.0274766 0.9975
-0.0510342 0.99375
-0.00524585 0.9975
0.00146173 0.99625
0.0204424 0.99625
0.0448721 0.99375
0.0100954 0.99
0.00632195 0.9975
0.000105779 0.99625
-0.0317352 0.99625
-0.0402274 0.99125
0.00640807 0.99625
0.0373221 0.99875
-0.00116386 0.99375
-0.00502519 0.99625
0.0224434 0.99875
-0.00800547 0.9975
-0.014936 0.99875
-0.00898815 0.9975
0.00255053 0.9975
0.0191924 0.99875
0.00589228 1
0.00409655 0.995
0.0239489 0.99875
0.0209074 0.99375
-0.0154548 0.99375
-0.00835048 0.99
0.0246357 1
-0.0104496 0.995
0.0319633 0.9975
-0.0113684 0.9975
0.0187137 0.995
0.0163231 0.99375
0.00299768 0.9925
-0.025857 0.9975
0.00436875 0.995
-0.0233958 0.99125
0.012442 0.9975
-0.0208591 0.99875
-0.00232437 0.99625
0.0163701 0.9975
-0.020902 0.99875
0.0253293 0.99625
-0.0268628 0.9975
0.0139972 0.99625
-0.0110634 0.99875
0.0220396 0.99625
-0.00556964 0.9975
0.0161284 0.99875
0.00999108 0.99875
-0.00752862 0.9975
-0.0263554 0.995
-0.0121626 0.995
-0.00346151 0.99625
-0.0188163 0.99875
0.00462216 0.99375
-0.000988503 0.9925
0.0300807 0.99875
0.00559761 0.99875
0.0276504 1
-0.00156245 0.995
0.00717554 0.995
-0.0155123 0.99625
-0.0398081 0.99375
-0.00521642 0.9975
0.0444957 1
-0.0347247 0.99375
-0.0226776 0.995
0.0468804 0.9975
0.0187607 1
0.0137711 0.99625
0.00713627 0.99625
0.0156327 0.99625
0.0211905 0.9975
0.00836333 0.9975
0.0198706 0.99375
0.0134658 0.9925
0.0196144 0.9975
-0.0303279 0.9925
0.00564657 0.99625
0.00159786 0.99625
-0.0161532 1
0.0103207 0.99375
0.003793 0.98875
0.0102731 0.9975
0.00104307 0.9975
0.0299561 0.99875
0.0381332 0.99875
-0.0199859 1
-0.00600792 0.99625
-0.00720844 0.995
-0.0101878 0.99625
-0.00717523 0.99375
-0.0212747 0.99375
0.0090045 0.99375
1.45248e-07 0.99625
0.0107128 0.9975
-0.0117585 0.99875
0.00438315 0.9975
0.0362113 0.99625
0.0540542 0.99375
0.025101 0.995
0.0215824 0.9975
0.0294988 0.995
0.0248024 1
0.0130401 0.995
-0.022255 0.99625
-0.00820858 0.995
-0.0370407 0.99125
0.0342191 0.99625
0.00891843 0.995
0.0418638 1
0.0223969 0.995
-0.0395635 0.99375
-0.0209488 0.9975
-0.0222696 1
-0.0136108 0.99625
0.0330515 0.995
0.0371074 0.99625
0.0138968 0.995
0.0110838 0.9975
0.0256584 0.9975
-0.0186961 0.99625
-0.00558046 0.9975
-0.0233742 0.9975
-0.00220483 0.9975
0.0249762 0.9975
-0.00883154 0.99875
-0.0140205 0.99375
0.0174347 0.99625
-0.0127036 0.99625
-0.038453 0.995
-0.0135706 0.99875
0.00773306 0.995
-0.00173822 0.995
0.000270283 0.99625
0.00847535 0.99625
0.00894711 1
0.0101907 0.99875
-0.0152228 0.99625
-0.00299625 0.99625
0.0135811 0.99625
0.00617205 0.99625
0.0147818 0.99625
-0.0141112 0.99375
-0.00970021 0.995
-0.0339074 0.99875
-0.0411319 0.99875
-0.0131324 0.99625
-0.0352985 0.9975
-0.0223457 0.9975
0.012393 1
0.0220204 0.995
0.0070274 0.9975
0.0117935 0.99375
0.0398628 0.99875
0.00187312 1
0.0283304 0.995
0.0261513 0.9925
0.00321871 0.995
0.00313998 0.98875
0.00180304 0.98875
0.01112 0.99625
0.0183791 0.99375
0.0191147 0.99375
-0.0127932 0.99875
0.0235898 0.995
-0.00902808 0.995
-0.0257869 0.99625
0.032026 0.99625
0.0189876 0.99875
0.00646809 0.9975
0.00474517 0.99625
-0.0360304 0.99625
-0.0205975 0.9975
-0.0181287 0.995
-0.049819 0.99875
0.0163264 0.99
0.00785112 0.99375
-0.00743964 0.99375
0.0167934 0.99875
0.00400807 0.9975
0.0103382 1
0.00461147 0.995
-0.00201113 0.995
-0.00535357 0.99875
0.010873 1
-0.0491994 1
-0.0275201 0.995
0.0383864 0.9975
0.018763 0.99625
0.0258432 0.9975
-0.0466634 0.9975
-0.00181166 0.99625
0.0616588 0.995
-0.00259173 0.9975
-0.0150191 0.99625
-0.0465474 0.99375
0.0244856 0.99625
-0.00710515 1
0.0323257 0.99625
0.00920484 0.9975
-0.00654078 0.99875
-0.001075 0.9975
0.0145002 1
0.00982013 1
0.00361718 0.99875
0.0313448 0.99625
0.0231113 0.9975
0.0205141 0.995
0.0304478 0.99875
-0.0299136 0.99625
0.0123468 1
0.00692357 1
0.0279797 0.9925
0.0143402 0.9975
-0.0124527 0.99875
-0.0431275 0.99375
0.0143458 0.9975
0.0397055 0.9975
0.0194282 0.99875
0.0104093 1
-0.0148053 0.99625
0.0174426 0.99125
0.0148763 0.9925
-0.00408553 0.995
-0.0170627 0.99125
-0.0183244 0.9975
0.00804329 0.9975
0.0102285 0.99
-0.0137575 0.99375
0.00663338 0.9925
0.000113938 0.99
0.0134897 0.99625
0.0108299 0.99625
0.0104384 0.99625
-0.0351183 1
-0.00947703 0.99625
0.00288069 0.99875
0.0145712 1
-0.0591067 0.9925
0.00706073 0.99
-0.0257437 0.9925
-0.0256044 0.99625
0.0262802 0.99875
-0.0434584 1
0.00907289 0.9975
-0.00986611 0.9925
0.00699544 0.995
0.00218237 0.9975
0.0233016 0.99875
-0.00148512 0.9975
0.0276585 0.99625
0.0093302 0.99875
0.00859102 0.99375
-0.00659985 0.99625
0.000278316 1
-0.0166754 0.9925
0.0260208 1
0.0295953 0.9975
0.0329356 0.99375
0.0261491 0.9925
0.0142748 0.99875
0.0197049 0.9975
0.00696634 0.9975
-0.0209995 0.99625
-0.0152613 0.9975
-0.00917177 0.99875
0.0166218 0.99125
0.0227345 0.9975
-0.0204154 0.9975
0.0142381 0.995
0.0270083 0.9975
0.0190584 0.9975
0.00928999 0.99875
-0.00317927 0.99375
-0.0479664 0.995
-0.0510363 0.99625
0.0178256 0.99375
-0.0157535 0.99875
-0.00332028 0.9975
-0.0252142 0.9925
-0.0271032 0.99375
-0.00845028 0.99875
-0.0012876 0.995
0.00138409 0.99625
-0.000201152 0.99875
-0.0352414 0.9975
-0.0113961 0.9975
-0.0027137 0.995
-0.00978083 0.99125
0.0169085 0.995
-0.000744031 0.99375
0.00140201 0.99875
-0.00169725 0.9975
-0.0148118 0.99625
-0.0340253 0.99375
-0.0361758 0.9975
-0.0282475 0.99625
-0.0135411 0.99875
-0.0210017 0.99375
-0.0286855 0.995
0.0157849 0.9975
0.00289541 0.99875
0.0343933 0.99625
-0.012995 0.99375
-0.0163636 0.995
-0.00527351 0.995
-0.011514 1
0.00991868 0.995
0.0441779 0.99625
0.0363523 0.99625
0.0229521 0.99375
-0.0228186 0.99375
0.0258464 0.9975
0.0113858 0.99875
0.0289358 0.99875
-0.0073996 0.99875
-0.0181415 0.99625
0.0357759 0.995
0.0767979 0.995
0.0384754 0.99375
-0.0194847 0.99375
-0.00300488 0.99875
-0.0270027 0.9975
-0.0156496 0.9925
-0.0361216 0.99625
0.00120933 0.9975
0.0359506 0.9975
-0.0108001 0.99625
0.0373477 0.99625
0.037993 0.9975
-0.0131376 0.99875
0.0294018 0.99875
0.0322681 0.9975
-0.026641 0.995
-0.0111798 0.9975
0.00790094 0.99625
-0.00534022 0.99375
0.00222564 0.9975
-0.0544302 0.99625
0.0199154 0.99375
-0.0151928 0.9975
-0.0222438 0.9975
-0.0304623 0.9975
0.00159014 0.9975
-0.0122076 0.99375
0.0291263 0.99625
0.049502 0.9975
0.00143266 0.9975
-0.0463279 0.99625
-0.0219412 0.9925
-0.0300541 0.995
-0.0117086 0.99875
-0.0128308 0.9975
0.012264 0.99375
0.0101537 0.99375
-0.00919692 0.99375
0.00150251 1
0.00333395 0.99625
0.0179501 0.99875
0.0225234 0.98875
-0.0112563 0.99625
0.00133968 0.99875
-0.00684258 0.99875
0.0184176 0.995
0.000430529 0.99875
-0.0282538 0.9975
-0.0331688 0.99625
0.0142934 0.9975
0.0308135 0.9925
-0.00360029 0.99375
0.0289597 0.99125
0.0246795 0.9975
0.0313078 0.995
-0.00306932 0.99875
0.00801776 0.9925
-0.0142683 0.9925
-0.0146169 0.9975
0.0128271 0.99375
0.0085778 1
0.0086892 0.995
0.00615303 0.99625
0.00451579 0.99375
-0.00552898 0.995
-0.0145408 0.995
-0.0124356 0.9975
0.00368435 0.99375
0.036106 0.99625
0.00413049 0.995
0.011825 0.98875
-0.0235677 0.99125
-0.00927832 0.99875
-0.030209 0.99625
0.0262652 0.995
0.0176759 0.9975
-0.00835631 0.99375
-0.0524834 0.9975
0.0231728 0.995
0.0267344 0.9975
-0.00962161 0.995
-0.0144152 0.995
-0.0314061 0.995
-0.0287214 0.9925
-0.0389513 0.99875
0.00921161 0.99875
0.00327248 0.99875
-0.0056435 0.99625
0.000777801 0.99875
-0.00932184 0.99625
-0.00358198 0.99875
0.00634277 0.99125
-0.0355892 0.9975
-0.0273617 0.9975
0.0238838 0.9975
0.00610431 1
-0.0122119 0.99375
0.00951687 0.99625
0.00546438 0.9975
-0.0106971 0.9925
-0.0131821 0.99375
-0.00240151 0.9975
0.0316891 0.9975
-0.0168812 0.99625
-0.0109571 0.99375
0.0256382 0.9975
-0.019784 0.99625
-0.000221447 0.99375
-0.0341776 0.995
0.028678 0.995
0.0107245 0.99625
0.0186837 0.9975
-0.0223172 0.99875
-0.0222198 0.99625
-0.0110766 0.99875
0.00396575 0.9975
-0.0287178 0.9975
-0.00504369 0.9975
0.0318184 0.99875
0.0135153 0.99875
-0.0350591 0.99625
-0.0316507 0.9975
0.0499777 0.99875
0.0229608 0.9975
-0.00513494 0.99625
-0.0139236 0.9975
-0.0281801 0.995
-0.0138059 0.9975
-0.0101968 1
0.00554848 0.99
-0.00492465 0.995
-0.0330578 0.9975
-0.00303772 0.9975
-0.0394356 0.9925
0.0127776 0.995
0.0187043 0.995
-0.00262717 0.98875
-0.0160826 0.995
0.0184269 0.99875
-0.0208746 0.995
-0.00312591 0.995
0.0547583 0.99625
0.0116123 0.99625
0.0157082 0.99875
0.0108467 0.995
0.00931262 1
0.0365237 0.99625
0.00107126 0.99875
0.0453877 0.99875
0.0169659 0.99875
0.023655 1
0.0068502 0.995
0.0125047 0.9975
0.00491991 1
-0.0307211 0.99625
0.0104016 0.99625
0.00283252 0.995
-0.0372356 0.99375
-0.00537621 0.99625
0.0149816 0.99375
-0.0310979 0.9925
-0.0242744 0.99875
-0.0442202 0.99875
-0.0147498 0.995
-0.0311639 1
0.0142199 0.99875
0.0047286 0.995
-0.0235899 0.99625
0.0216083 0.995
-0.0209659 0.995
-0.0296307 0.9975
0.0050733 0.99375
0.0426335 0.9975
0.0051273 0.99875
0.0177194 0.99625
0.0443985 0.99375
0.0136452 0.9975
-0.00413729 0.99625
0.0151213 0.99625
-0.0212364 0.99625
0.0184973 0.9975
-0.00025697 0.9975
0.00901549 0.99375
0.0404253 0.995
-0.00968655 0.9925
-0.0105733 0.99625
-0.011612 0.99375
0.00148787 0.9975
0.0125171 0.995
0.029821 0.99375
0.00150252 0.995
-0.00834504 0.995
0.011098 0.9975
0.00421544 0.99875
-0.0329507 0.9975
-0.00671858 0.99875
-0.00739719 0.9975
-0.0102947 0.995
0.0148098 0.99875
-0.020784 0.99625
0.0163072 1
0.0478064 0.99375
0.0156439 0.9925
-0.000912094 0.99875
0.0345991 0.9975
0.0376355 0.9975
-0.028763 0.99125
-0.0216931 0.9975
0.0406213 0.9975
-0.00639851 1
0.00639077 0.9975
-0.0198389 1
-0.0136038 0.99875
-0.00328113 0.99875
-0.0329698 0.9975
-0.00179373 1
0.025486 0.995
-0.00205484 0.9975
-0.000247321 0.9925
-0.0246945 0.99875
-0.00648142 0.99
-0.0521656 0.9975
-0.0124519 0.9925
-0.0431052 0.99125
-0.0229754 0.9875
0.00870162 0.99875
0.0131826 0.99625
0.0331022 0.99125
-0.0172041 0.9925
0.0137461 0.9975
0.0253358 0.995
0.0223993 0.99625
-0.0133291 0.99125
0.0475874 0.9925
-0.0159965 0.99875
0.0223668 0.99875
0.0346553 1
0.0469897 0.99125
0.0135144 0.99625
-0.0292841 0.99625
-0.000165048 0.99625
-0.0358497 1
-0.0115681 0.995
0.0119619 0.99125
-0.0151561 0.9975
0.00102183 0.99625
0.00220439 0.9925
-0.0185518 0.9975
0.0046683 0.995
0.00594976 0.99625
0.023663 0.9975
0.0408954 0.9975
0.0162065 0.99625
0.0287432 0.9975
0.0398806 0.9975
-0.0246379 0.99875
-0.0445479 0.995
0.0191505 0.99375
0.013201 0.995
-0.0279072 0.99875
-0.0155019 0.99875
0.000453047 0.9925
0.00344831 0.995
0.012072 0.995
0.00157617 0.9975
-0.0215905 0.99875
0.0248033 1
-0.00848281 0.995
0.0172768 0.9975
0.0496963 0.99625
-0.0412052 0.9925
-0.0119254 0.99875
0.0208203 0.99375
-0.0471177 0.9925
0.00508587 0.9975
-0.039548 0.99125
-0.00285193 0.9925
0.0156898 0.995
-0.0165486 0.99625
0.00842172 0.9975
0.00136357 0.9975
-0.0188027 0.9975
-0.00523363 0.9975
0.0221707 1
-0.00685442 0.99875
-0.0113178 0.9925
0.0201079 0.995
-0.00534767 0.9925
0.0270517 0.9925
0.00657794 0.9975
0.0113622 0.9975
0.00355145 0.9975
-0.0259821 0.99
0.00907919 0.99375
-0.0334011 0.99625
-0.0275952 0.9975
0.0188789 0.99625
0.00949452 0.99625
-0.0192727 0.99625
-0.0181605 0.9975
0.00939492 0.9975
-0.0104667 0.9925
-0.051939 0.9975
-0.0230253 0.99625
-0.0593404 0.9975
-0.0457976 1
0.0398559 0.99625
0.00571949 0.99875
9.57665e-05 0.995
0.0060058 0.995
-0.0294837 0.99625
0.0133231 0.99625
-0.0101562 0.9925
0.0243745 0.9975
-0.0013114 0.99625
0.0402491 0.99375
0.0158142 0.99625
0.00219413 0.99625
-0.0361234 0.9925
-0.0350386 0.995
-0.0131699 0.99375
0.00676125 0.995
0.00757813 0.99625
0.00475595 0.9975
-0.000792802 0.99125
-0.025687 0.9975
-0.00120175 0.99875
-0.0174489 0.9975
-0.0500657 0.99625
-0.00240919 0.9975
-0.00241738 0.99875
0.025786 0.9975
-0.0219893 0.99625
0.0102968 0.99625
-0.0412473 0.99375
-0.041412 0.99875
0.034927 0.99875
0.0113541 0.99625
0.0548854 0.99125
0.0310984 0.99125
0.0184505 0.9975
0.0381237 0.99
0.0348235 0.9925
0.0204935 0.99
-0.0273498 0.99875
0.00211882 0.99875
-0.0167856 0.9975
0.00377269 0.99375
-0.0126217 0.99375
0.055735 0.99125
0.0138684 0.99875
0.0628692 0.99875
0.0301039 0.9975
-0.0201483 0.99625
0.0113014 0.99875
0.034458 0.995
-0.0112001 0.99875
-0.0370478 1
0.0191812 0.995
0.05626 0.995
-0.0113226 0.99875
0.0299157 0.995
0.00223025 0.99375
-0.0308049 0.99625
0.0304251 0.9975
0.0500386 0.99875
0.0129591 0.99625
-0.0235267 1
-0.0157206 0.99
-0.0226247 0.9975
0.0105671 0.995
-0.00616775 0.99625
0.0361452 0.99875
-0.0157696 0.99375
-0.00440323 0.99625
0.0337901 0.99625
0.038011 0.99375
0.00327275 0.99625
0.0082942 0.99375
-0.00248015 0.9975
-0.00884749 0.995
0.00138311 0.99625
-0.0085655 0.99125
0.0138779 0.99875
0.0271777 0.9975
-0.0016419 0.9925
-0.0294052 0.99625
0.00773814 0.99375
-0.00238188 0.9975
-0.0141567 0.99625
0.0143752 0.9975
-0.0208685 0.9975
-0.00735029 0.9975
-0.0119923 0.9975
-0.0074429 0.99875
0.0317298 0.9975
-0.0105952 1
0.00981625 0.9925
-0.00649481 0.99625
-0.0142536 0.995
0.00130468 1
-0.0190798 0.9975
-0.00750659 0.99625
-0.0151139 0.99125
-0.00524909 0.995
-0.0135216 0.995
-0.00990424 0.99375
0.00403309 0.99875
-0.0346982 0.9975
-0.0303955 0.99625
-0.0338563 0.99625
0.00505692 0.995
-0.000467685 0.9975
-0.00381164 0.9925
-0.00204737 0.9975
-0.00264781 0.995
-0.00321294 0.9975
0.0111691 1
0.00949512 0.99625
0.0181475 0.995
0.042559 0.995
0.00823489 0.99
-0.0116947 0.99125
-0.0354654 0.99125
-0.00664698 0.99625
-0.0276082 0.995
-0.0301573 0.99625
-0.0257995 0.99875
0.0247956 0.9975
-0.00210292 0.995
-0.0171558 0.9975
-0.0150297 0.9975
-0.013991 0.99375
0.0152271 0.9925
-0.022624 0.9975
0.00239533 0.99625
0.00740087 0.99625
0.000793873 0.99375
-0.0036649 0.99
-0.0312229 0.99125
0.0227888 0.9975
0.0156086 0.9975
-0.054554 0.99375
0.00955241 0.99375
0.00930398 0.99875
-0.00344573 1
0.0181835 0.99875
0.026651 0.99875
0.0655169 0.9975
-0.00434049 0.99375
-0.0535568 0.995
-0.0132387 0.995
0.0473639 0.99625
0.00768612 0.995
-0.012609 0.9925
0.0548046 0.9975
0.00217074 0.9975
0.000625957 0.99125
-0.0012792 0.9975
-0.0160943 0.9975
0.0281211 0.995
0.00235747 0.99875
0.00802744 0.99875
-0.0390678 0.995
-0.0121917 0.995
-0.0464424 0.99875
-0.0494723 0.99625
0.0400665 0.99625
-0.00157774 0.9925
0.00509314 0.99625
0.0180573 0.9975
-0.0288209 0.995
0.00501119 0.99375
0.0291884 0.9975
0.015654 0.9975
-0.0221856 0.99625
-0.0229338 0.99625
0.00746196 1
0.0443275 0.99125
-0.0115891 0.9925
-0.00174686 0.99375
-0.0178069 0.995
-0.0080285 0.99375
-0.00705686 0.99125
-0.0139251 0.9975
0.0104771 0.99625
-0.00175954 0.995
-0.0167179 0.99125
-0.0118703 0.995
0.04873 0.9975
-0.00681055 0.9925
-0.0438064 0.995
-0.00155088 0.9975
0.0188485 0.9975
0.0403058 0.99375
-0.0376735 0.9975
-0.0594841 0.99625
-0.0196316 0.9925
0.0494515 0.9975
0.0329281 0.99875
-0.0367383 0.99625
0.0224752 0.995
0.0146158 1
-0.0136988 0.9875
-0.0158599 0.99875
-0.00873452 0.9975
0.0267402 0.9975
-0.0257784 0.99625
-0.0121156 0.99875
0.0401006 0.99625
0.040381 0.99625
-0.0426125 0.99875
-0.0228965 0.99625
0.016283 0.9975
0.0575662 0.99875
0.0101383 0.99875
0.022897 0.99625
-0.0245846 0.99375
0.0180211 0.99375
0.0101382 0.99375
-0.0422445 0.99375
-0.0471864 0.9975
0.0130617 0.9975
0.0392356 1
-0.0115515 0.99625
0.0180219 0.99625
0.00314634 1
-0.0292 0.99375
-0.02603 0.99625
0.0110007 0.9975
0.00252168 0.9975
0.0230694 1
0.00918935 0.99375
-0.00316091 0.99125
-0.00279173 0.995
0.0278725 0.9975
-0.0162858 0.9975
-0.0301684 0.99625
-0.0260285 0.99875
0.0433603 0.995
-0.0287006 0.99625
0.0329615 0.99625
-0.0160611 0.99125
-0.0200738 0.9975
-0.0190689 0.99625
0.00456843 0.99625
-0.00321334 0.99625
-0.0202401 0.9925
0.0144824 1
0.0150187 0.9975
0.0228221 0.99625
0.00645407 0.995
0.024143 0.9975
0.0106634 0.99625
0.022858 0.99625
-0.03209 0.99625
0.00647635 0.995
0.0143148 0.9975
-0.0189136 0.99625
-0.00138336 0.9925
0.0163277 0.9975
-0.0335104 0.9925
-0.0095872 0.9975
-0.0166662 0.99375
-0.0227898 0.9925
-0.0179417 0.995
-0.0152546 0.99875
-0.00969846 0.995
0.0686719 0.99875
-0.00395236 0.99625
0.0266158 0.99625
0.0463938 0.995
0.0206929 0.99625
0.0303451 0.995
0.0761696 0.99625
0.0206763 0.99375
0.0213078 0.99125
-0.00840727 0.9975
0.0186698 0.9975
-0.00523298 0.99875
0.0303317 0.9975
-0.0121809 0.9975
0.0715527 1
0.00451656 0.99875
-0.024388 0.9975
-0.00498957 0.995
0.0172266 0.9925
0.0180571 0.995
0.00484746 0.99875
-0.00586328 0.99
-0.000398306 0.9925
-0.0203122 0.99125
-0.0308665 0.995
-0.00361756 0.99875
-0.0300992 1
0.0132432 0.99875
0.00992051 0.9975
-0.0240563 0.9975
-0.0459967 0.9925
-0.0538118 0.9975
-0.0431846 0.995
-0.0222931 0.9925
0.0201347 0.99625
-0.0316113 0.9975
-0.0601073 0.99375
-0.00856711 0.99375
-0.0525984 0.9975
0.023884 0.99625
0.00053427 0.99375
-0.0101023 0.99625
0.0296744 0.99875
-0.0153382 1
-0.0283768 0.99875
-0.026202 0.9875
0.00810989 0.99625
0.0179438 0.995
0.0510158 0.99875
-0.018634 0.995
-0.0311698 0.99625
0.00705434 0.9975
-0.0395364 0.9975
-0.0386479 0.995
0.0349779 0.99875
0.019243 0.99875
0.0179149 0.995
0.0153316 0.99375
-0.0294843 0.99375
0.0322361 0.99625
0.0697217 1
0.0193637 0.9975
0.0144969 0.99625
0.00149336 0.995
0.0516816 1
-0.00959537 0.99625
-0.0361335 0.9975
0.0127569 0.99625
0.0201444 0.99625
0.00847252 0.99125
-0.0308022 0.9975
-0.0410596 0.99875
-0.0512108 0.99375
-0.00726277 0.9975
-0.0327756 0.9975
-0.0033931 0.9925
0.00148316 0.99875
-0.00698939 0.995
-0.0357909 0.99875
-0.00734709 0.9925
0.0133581 0.9875
0.025565 0.9975
0.0593242 0.98625
0.00734286 0.99875
0.0050261 0.99625
0.00361596 0.99875
0.00340223 0.99625
-0.0154906 0.98875
0.0282212 0.9975
-0.00623844 0.99625
-0.0319507 0.99625
-0.0343534 0.99875
-0.0161343 0.9925
-0.0206497 0.99625
-0.0152601 0.995
0.0544959 0.995
0.0508605 0.99625
0.0214594 0.99375
0.0072212 0.995
0.0114422 0.99375
0.0193114 0.99875
0.00511896 0.9975
0.0399055 0.995
0.036573 0.9975
-0.00177933 0.99875
0.0118255 0.995
-0.0251789 0.9975
0.0124165 0.99625
-0.0324816 0.99875
0.000489251 0.9975
-0.0227219 0.99875
0.0402036 0.995
-0.0120844 0.99625
0.00117603 0.99625
-0.0467429 0.99875
-0.0184945 0.995
0.00840123 0.9925
-0.0265175 0.995
-0.0324495 0.99875
-0.0164215 0.99625
0.0209835 0.9975
0.0125632 0.995
-0.0289701 0.99375
-0.0189403 0.99125
0.0251998 1
0.0348619 0.99375
0.00064731 0.995
-0.0200203 0.995
-0.073429 0.9975
-0.0185722 0.9925
0.00520335 0.9975
0.0243378 0.99125
0.000384902 0.99
-0.071751 0.99875
-0.00857832 0.99625
0.0114703 0.99125
0.0461178 0.9975
0.0618885 0.99375
0.0294298 0.995
-0.00385953 0.99375
-0.0326209 0.9925
0.030606 0.99625
-0.0276238 0.99625
0.0163364 0.9875
0.0088387 0.995
-0.0133024 0.9975
-0.0340047 0.99875
-0.0270416 0.99375
-0.0142763 0.99625
-0.0126848 0.99875
0.0131469 0.99625
-0.044488 0.99875
0.0400933 0.995
-0.0361017 0.99625
-0.0032046 0.99625
0.0208614 0.99625
0.061748 0.9925
0.0546437 0.99875
-0.0414345 0.99875
-0.0544801 0.99875
-0.00323268 0.99625
-0.0246278 0.99125
-0.0115784 0.995
-0.015608 0.9975
0.0062043 0.9975
0.0454027 0.99625
0.0144586 0.99625
-0.0258245 0.9925
-0.0472765 0.9975
-0.0151672 0.9975
0.0197458 0.99875
0.00763924 0.995
0.0360142 0.99375
0.0143013 0.995
-0.0415692 0.99625
0.0239236 0.99875
-0.00676875 0.9925
-0.00928 0.9975
0.0789948 0.99875
0.0320993 0.99375
-0.0498417 0.99625
-0.0145381 1
-0.00985669 0.99875
-0.0476656 0.995
-0.0220962 0.9975
-0.00892228 0.9975
-0.0102422 0.99875
-0.00333299 0.995
-0.06696 0.99625
0.0272855 0.9925
-0.0289381 0.9925
0.00497232 0.995
-0.0152714 0.99625
-0.0227545 0.9975
-0.0231462 0.9975
-0.0467743 0.99875
-0.0247016 0.995
0.0178745 0.9975
0.0759636 0.9925
0.0145268 0.9975
0.00188408 0.99625
0.00829672 0.9925
-0.0163137 0.99625
-0.0533279 0.99625
-0.0345306 0.99875
0.0179312 0.9975
0.0412616 0.99375
0.0114915 0.99625
-0.0228658 0.9925
-0.00634268 0.99375
0.0231976 0.99375
-0.0577682 0.99625
-0.0404963 0.99625
0.0306392 0.995
-0.01779 0.995
-0.0181832 0.99375
0.00988829 0.9975
-0.00567389 0.9975
0.0353509 0.99875
0.0232064 1
-0.00784851 0.995
0.0111341 0.9975
-0.0583434 0.99625
0.00876727 0.995
-0.0268234 0.99375
0.0225776 0.995
0.0357146 0.99625
0.0298668 0.995
-0.0046208 0.995
-0.0201748 0.99125
-0.0301043 0.9975
0.0235315 1
0.000426579 0.995
0.0104403 0.99625
0.0416619 0.99125
0.0488224 0.99875
-0.0192873 0.99625
-0.0318652 0.9975
-0.0438547 0.99625
-0.00552522 1
-0.00638754 0.99375
0.0227048 0.9975
-0.0835244 0.9975
-0.0509521 1
0.0105802 0.99375
0.0202385 1
-0.0151067 0.99875
-0.00664 0.995
0.00179435 0.995
-0.0107582 0.9975
0.0516701 0.9925
0.0448527 0.99375
0.0320669 0.9975
-0.0122188 0.99125
0.0119627 0.99125
0.00785618 1
-0.0173976 0.99875
0.0114878 0.995
0.0108664 0.9975
0.0349886 0.9925
0.0141815 0.99625
0.0193728 0.99
0.0231325 0.995
0.0115927 0.9975
-0.0538293 0.99875
-0.0142045 0.9975
0.0181096 0.99875
0.0102429 1
0.00381063 0.99125
0.0514782 0.99375
0.0192054 0.9975
0.0106792 0.9975
-0.00300766 0.99875
-0.0223553 0.99875
-0.0235526 0.995
-0.0232431 0.99625
0.000157104 0.99625
-0.032132 0.99875
0.00335906 0.99375
-0.000945936 0.995
-0.0349397 0.99375
0.0259999 0.9975
-0.0372294 0.995
-0.0151597 0.99375
-0.00129333 0.9975
-0.00700342 1
0.0184012 0.99625
-0.0131409 0.9975
0.00358686 0.99875
-0.0227037 1
0.0014488 0.99375
-0.021039 0.9975
-0.0379321 0.99
-0.0164448 0.98875
-0.00527136 0.99625
0.037313 0.99375
0.0441395 0.99375
0.0278249 1
0.0345038 0.99625
-0.00714083 0.995
0.00843799 1
0.000305212 0.99625
0.000394313 0.99125
0.00883099 0.995
0.00847856 0.9925
0.00231889 0.9975
-0.019891 0.995
0.0380688 0.99625
-0.045859 0.9975
-0.0154571 0.99625
-0.0300715 0.99875
-0.0361044 0.99625
0.0167253 0.995
0.0236948 0.99875
0.0179489 0.99375
0.0289263 0.9975
-0.00627405 0.9975
-0.0858609 0.9975
0.00951023 0.9975
0.0082405 0.99875
0.00945703 0.99875
0.0149467 0.9925
0.0276253 0.99875
0.0453704 1
0.0303591 0.99625
-0.0209732 0.9975
-0.0350054 0.99375
0.00320741 0.9975
0.0616141 1
-0.00936214 0.99375
0.0151901 0.995
0.014066 0.9975
0.0129381 0.9925
-0.010879 0.9925
-0.00533739 0.9925
-0.0236512 0.99375
0.038906 0.9925
-0.0128187 0.995
-0.0114973 0.99625
0.015703 0.99375
-0.0181697 0.9975
-0.0254074 0.99625
0.00128883 0.99625
0.0275186 0.99875
0.00116567 0.99625
0.0172955 0.995
0.0145408 0.9975
0.0585724 0.9975
0.0392997 0.99625
0.00169388 0.9925
-0.011445 0.9975
-0.0539435 0.99875
-0.0466172 0.99375
-0.0389594 0.9975
-0.0182588 0.995
-0.0169202 0.9975
0.0719054 0.995
-0.0128134 0.99625
-0.0209594 0.995
0.050972 0.995
-0.022504 0.9975
-0.0435947 0.995
0.0266272 0.995
0.0226142 0.995
-0.0272024 0.99875
0.0248169 0.9975
0.0494503 0.995
-0.015554 0.99375
0.0226235 0.99625
0.0056217 1
-0.00767915 0.9975
-0.00101707 0.99875
0.0254 0.9925
0.0306108 0.99625
0.0630117 0.99625
0.0439079 0.995
0.0432445 0.9975
0.00848609 0.99875
-0.0207458 0.99875
0.0151108 0.9975
0.00880358 0.995
0.0158758 0.99875
-0.0295784 0.995
-0.00267224 0.9975
0.0238025 0.99625
0.00998959 1
0.0128104 0.995
-0.0969967 0.99625
0.0066712 0.9925
-0.0749485 0.9975
-0.00243656 0.995
0.0535854 0.99625
0.00671319 0.99
-0.00974694 0.99375
0.0426121 0.99875
-0.0181184 0.995
0.014486 0.99
0.07994 0.99875
0.0560503 0.99875
0.0301828 0.99625
-0.00141164 1
-0.0628486 1
0.0318991 0.9975
0.0159536 0.9975
-0.0190528 0.9975
-0.00740055 0.99875
-0.0131299 0.99875
-0.0374601 0.99875
-0.0135716 0.99625
0.0448456 1
-0.0112301 1
0.0553925 0.9975
0.00796732 0.99875
-0.10378 0.9975
-0.0604643 0.99875
-0.0351895 0.9975
-0.0293561 0.995
-0.0215472 0.995
0.0348449 0.9925
0.0737651 0.995
0.0539157 0.9925
0.0206754 0.9975
0.0261547 0.995
0.0359947 0.9925
-0.00398496 0.99375
0.0264898 0.995
0.0368146 1
0.00900682 0.99375
-0.00608996 0.99625
-0.0151414 0.99375
0.0584311 0.99875
-0.0193533 0.99625
-0.0423567 0.995
0.0613836 0.99375
0.0176247 0.99875
-0.0137061 0.99625
0.0301795 0.99125
0.0582865 0.99625
-0.0272679 1
-0.0242081 0.99375
-0.0111346 0.99375
0.00398245 0.995
5.7068e-05 0.995
0.0330467 0.99625
0.00378801 0.9975
-0.00211796 0.9925
0.0324843 0.9925
-0.0307709 0.99875
-0.0655099 0.99625
-0.0276118 0.99625
-0.0145722 0.9975
0.0547836 0.98875
0.0407925 0.9975
0.0286928 0.995
-0.0452248 0.99625
-0.0210819 0.99625
-0.0597493 0.99875
0.00878961 1
0.0270308 0.99875
-0.0124183 0.995
0.00160964 0.99625
0.0103697 0.99875
0.0240399 0.9975
-0.0476246 0.98875
-0.00161809 0.99375
-0.00742581 0.99375
-0.039589 0.99625
0.0330709 0.9975
-0.00250191 0.99875
-0.0672026 0.99625
-0.00931222 0.99625
0.0763948 0.99375
-0.00339564 0.99875
0.00649385 1
0.0131786 0.9925
-0.0363951 0.99875
0.0162385 0.99625
-0.062461 0.99625
-0.030199 0.99875
0.00315934 0.99875
-0.0307146 0.9975
-0.0212484 0.995
0.00204733 0.995
0.0033661 0.99625
-0.0638978 0.995
-0.045047 0.99375
-0.00798219 0.995
0.0248019 0.99875
0.027915 0.99625
-0.0454855 0.9975
0.0163938 0.9975
-0.00419182 0.99625
0.0203105 0.995
0.0755245 0.99375
0.0646578 0.99125
-0.0106839 0.99625
-0.0236389 0.9975
-0.0104888 0.9975
0.00619399 0.9975
0.0217461 0.995
0.000458708 0.995
-0.0206327 0.99125
-0.00264889 1
-0.001491 0.99625
0.0215067 0.99625
0.0182985 0.995
-0.0108971 0.9925
-0.0117913 0.995
0.0152183 0.9975
-0.0736365 1
0.00731452 0.9975
-0.0616136 0.9975
-0.00624365 1
0.0150554 0.995
0.00823785 0.99125
0.0216508 0.9975
-0.0421527 0.99625
0.00716448 0.9975
0.0165954 0.9975
-0.0104137 0.9975
0.0412002 0.99125
0.0429424 0.9975
0.0342582 0.99375
0.0466266 0.9925
0.00301721 0.9975
0.0203249 0.995
0.0132885 0.995
-0.0314745 0.995
-0.032799 0.99875
0.0123422 0.9975
-0.00431352 0.9975
0.0256369 0.9975
-0.0256559 0.9975
-0.00135883 0.995
-0.04601 0.9925
-0.00112773 0.9925
0.000851342 0.99625
-0.0102962 0.99875
-0.0528599 0.99625
0.0108825 0.99
0.0407359 0.9975
-0.00910176 0.995
0.00939874 0.99375
0.0031079 0.99875
-0.05729 0.995
-0.0105 0.99875
0.0163566 0.995
0.0672001 0.9925
0.0542873 0.99625
0.0561068 0.9925
-0.0202453 0.9975
-0.0267702 0.99625
0.0115493 0.99875
0.0317088 0.9975
0.0609935 0.9975
0.00279823 0.995
-0.0761099 0.99625
-0.00883538 0.99875
0.0240476 1
-0.0395221 0.9925
0.016859 0.9975
0.0723215 0.9975
0.0150161 0.99875
-0.012775 0.9925
-0.0616116 0.99625
-0.058236 0.99375
-0.0200041 0.99625
0.00963401 0.99625
0.0374749 0.9975
0.0337563 0.995
0.0236557 0.9925
0.0469866 0.995
-0.00543847 0.995
-0.0153596 0.9975
-0.0269945 0.99875
0.0633146 0.99625
0.0481024 0.99625
-0.0124471 0.99125
-0.0258314 0.99375
-0.00422436 0.9975
-0.00472026 0.99375
-0.0480247 0.99625
-0.0662956 0.99375
0.00593821 0.995
0.0863539 0.9925
-0.0213028 0.99125
-0.0104505 0.99625
-0.011919 1
-0.0438206 0.99625
-0.0163816 0.99125
0.0136115 0.99375
0.0421658 0.99625
-0.000602926 0.99
-0.0252974 0.9925
-0.0487423 0.99125
0.0607803 0.99875
0.0485595 0.99875
0.0111455 0.99625
-0.0331881 0.99375
-0.0353351 0.9975
-0.0424453 0.9975
0.0289701 0.99875
0.00877064 0.99625
-0.0222024 0.99375
0.00785237 0.99625
-0.0147038 0.9975
-0.00158364 1
0.011995 0.995
0.0321008 0.9975
0.00465095 0.9925
-0.00101336 0.99875
0.0360837 0.9975
-0.0501243 0.99875
-0.016332 0.9975
-0.0492966 0.995
0.0335847 0.99625
0.0303376 0.99625
-0.0135509 0.995
-0.0301718 0.99875
-0.0348119 0.99625
-0.0280626 0.99375
-0.00808404 0.99625
0.00878641 0.99875
0.0041041 0.9975
0.00373468 0.9975
-0.0310743 0.995
-0.00575552 0.99875
-0.0233718 0.9975
-0.0359599 0.99875
0.000927061 0.995
0.0272314 0.9975
0.0683863 0.9925
0.101493 0.99625
0.00824913 0.99875
-0.0805791 0.99875
-0.0636503 0.99625
-0.0524651 0.9975
-0.0213531 0.99875
0.0622627 0.99625
-0.0420567 0.9925
-0.00290895 0.99125
-0.0281758 0.99125
0.0600464 0.99875
-0.00822108 0.99125
-0.0366432 0.995
-0.0246066 0.9975
-0.0165527 0.9975
0.0266698 0.9975
0.0211003 0.99875
0.0420962 0.9975
-0.0265044 0.995
0.0132072 0.99625
-0.00201171 0.99625
-0.0259865 0.99875
0.0149497 0.995
-0.0591557 0.99875
-0.0613696 0.99
0.00160036 0.9975
0.039105 0.9975
-0.0497882 0.995
-0.00352257 0.99125
0.0102851 0.9975
0.00655468 0.99875
0.0470834 0.99875
-0.0223048 0.9975
0.0330504 1
0.00981618 0.99625
-0.0160144 0.99
-0.0209629 0.99875
-0.000487022 0.99875
0.0279797 0.99625
-0.00105791 0.995
0.0498072 0.9925
-8.33212e-05 0.995
-0.0202328 0.995
-0.0430004 0.99625
-0.0457983 0.9975
-0.0133675 0.9975
0.0105127 0.995
-0.0520541 1
-0.0373837 0.9975
0.0569105 0.995
-0.0372934 0.99375
0.00784179 0.99625
0.0669447 0.995
0.0012983 0.99875
0.0701096 0.99875
0.00576938 0.9925
0.00829355 0.995
-0.0106376 0.9975
-0.0242311 0.995
0.030131 0.995
0.0296028 0.99875
0.111783 0.9925
0.0322983 0.9925
0.0566328 0.99875
0.0033921 0.9975
-0.0189074 0.99375
-0.0149381 0.99625
-0.0308986 0.99625
-0.019687 0.995
-0.0315087 0.99625
-0.00887165 0.9975
0.000726442 0.99625
0.0157034 0.995
-0.0989736 0.995
-0.0606918 0.99875
0.0351062 0.9975
0.00105727 0.99875
0.057558 0.9975
0.0471596 0.99125
0.0231331 0.99875
0.0196253 0.99875
0.0352549 0.9975
0.000309755 0.99375
4.72369e-05 0.9975
0.0253797 0.9975
-0.0185143 0.995
0.0298159 0.9925
-0.047977 0.99375
0.0332036 0.99875
-0.0189483 0.9975
0.0266878 0.99875
-0.0643025 0.9925
-0.0289602 0.99625
-0.0167115 0.99875
-0.0191905 0.99625
0.0115192 0.99875
0.016825 0.9975
-0.0335819 0.99625
-0.0136418 0.99625
-0.0248466 1
-0.00398059 0.99625
-0.0580574 0.99875
0.0753515 0.99375
-0.0168213 0.9925
0.0160511 0.9925
0.0109382 0.995
0.00375321 0.99375
0.0800912 0.995
0.0199547 0.9925
0.0156716 0.99125
0.0151654 0.99375
-0.0184662 0.99625
0.0142296 0.9925
0.12769 0.995
0.0264646 0.995
0.100556 0.99875
0.0604393 0.99875
-0.0684983 0.995
-0.039049 0.99
-0.025493 0.995
-0.0342208 0.9975
-0.0291222 0.99625
-0.020404 0.99375
0.054081 0.99625
0.0238329 0.99375
0.0144095 0.99375
-0.0898585 0.985
-0.0210094 0.99375
0.0217153 0.99875
0.00813446 0.99375
-0.00914414 0.995
0.0317664 0.995
-0.0110857 0.9975
0.0401644 0.99375
0.0730303 0.9975
0.00344347 0.99625
0.00990984 0.99375
-0.0587618 0.9975
0.0769847 0.99875
0.0841522 0.995
0.0363584 0.99375
-0.0228534 0.99875
-0.05291 0.995
-0.0406355 0.99625
0.0293324 0.9975
0.0662827 0.99375
-0.00273355 0.995
-0.00440641 0.9925
0.0155027 0.9925
0.0401757 0.9925
-0.00199267 0.99875
0.040835 1
-0.00842292 0.99875
0.0438158 0.995
0.0567822 0.99625
-0.0288895 0.99625
0.00570168 0.99625
0.0584298 0.9975
-0.0430333 0.9975
0.0388355 0.99875
-0.0495144 0.99625
-0.0031816 0.99625
-0.0461533 0.99625
-0.0477659 0.99625
0.0495804 0.99875
0.0123399 0.9975
-0.0262678 0.995
-0.0125545 0.995
0.0152058 0.9975
-0.0134968 0.9975
0.0403533 0.99875
0.0478738 1
0.0699046 1
-0.0120451 0.99625
-0.0421187 0.9925
0.0257768 0.9925
-0.00578728 0.9975
0.056811 0.99375
0.110139 0.99875
0.0320154 0.99125
0.0148285 0.99375
1.53098e-05 0.995
-0.00293548 0.995
-0.00442906 0.9925
0.109403 0.9975
0.0435622 1
-0.0603259 0.995
-0.0472418 0.99125
-0.0431005 0.995
-0.0294392 0.9975
0.0173978 0.9975
-0.0623875 0.9975
0.0505768 0.99875
-0.0265576 0.9975
-0.0153363 0.995
0.0133539 0.995
-0.0181427 0.99875
-0.0368952 0.99875
-0.0969111 0.9975
0.0854227 0.99625
0.0312771 0.9975
0.0229075 0.99875
0.0222197 0.9925
-0.0699912 0.995
0.0372475 0.995
0.0309719 0.995
-0.0518399 0.995
-0.0410976 1
-0.041816 0.9975
0.0242404 0.9975
0.0632367 0.9975
-0.00855712 0.995
0.0337412 0.99375
0.058058 0.9925
-0.0388007 0.99875
0.0826147 0.9975
0.0306944 0.99125
-0.0251912 0.99125
-0.0108055 0.995
-0.0332036 0.99
-0.0232972 0.99375
-0.0469707 0.9975
-0.0457156 0.99625
-0.0792662 0.99625
-0.0469008 0.995
-0.0273632 0.9975
0.0527199 0.9975
0.0327493 0.99625
-0.0615897 0.9975
0.0110979 0.99625
-0.0314014 0.9975
0.0545536 0.99875
-0.00161486 0.995
0.0174766 0.99875
-0.022986 0.99625
0.0743293 0.99625
0.105542 0.99375
0.00294262 0.9975
0.00456352 1
-0.0236605 0.9975
0.0604246 0.995
-0.0286388 0.995
-0.0227763 1
-0.0871388 0.99875
0.0332192 0.99
0.00857649 0.9925
-0.0704413 0.995
0.0823043 0.99375
0.00399695 0.99625
-0.0113198 0.9975
0.0129229 0.9925
0.0385043 0.99625
0.0392395 0.99875
0.0320888 0.99875
0.0491795 0.99375
-0.0073064 0.99375
0.0441341 0.995
-0.00169913 0.99625
9.68717e-05 0.99625
-0.0106533 0.99625
-0.00955241 0.9975
0.0794669 0.99875
0.0372249 1
-0.0100366 0.99875
-0.0520821 0.99625
0.119624 0.9975
-0.0250073 0.9975
0.0405417 0.99
0.0271108 0.99875
0.0215452 0.99875
-0.0324559 0.9975
-0.0453263 0.99625
0.0613194 0.9975
0.0475399 0.99625
-0.0448811 0.995
0.0132969 0.995
-0.0950294 0.9925
0.00369339 0.995
0.0352303 0.99875
0.0129688 0.995
0.000655797 0.99625
0.0286855 0.99875
-0.0633171 0.9925
0.0345522 0.9975
-0.0838158 0.99375
0.00985906 0.99375
0.0223511 0.9975
0.0153258 0.99375
0.0910014 0.995
-0.0369207 0.99625
-0.0132846 0.99875
-0.101685 1
-0.00245174 0.99625
0.0356099 0.99375
0.0318414 1
0.0060052 0.9975
0.0469662 0.995
0.00610862 0.99625
-0.0126145 0.99125
0.0225951 0.9925
0.00344722 0.99625
-0.015042 0.99125
0.0332729 0.9975
0.0257523 0.9925
-0.0295163 0.99625
0.0548821 0.995
0.03159 0.99875
-0.0312129 0.99375
0.0309251 0.995
-0.0430729 0.9975
-0.031004 0.99875
-0.0496488 0.9975
-0.0357306 0.9925
-0.0313129 0.995
-0.0286923 0.9975
0.0366111 0.99875
-0.0474034 0.9975
0.0521553 0.99375
-0.049791 0.99375
-0.0402249 0.995
0.00243753 0.9975
-0.0418015 0.9975
-0.0568898 0.995
-0.0789508 0.9975
0.0381275 0.99875
0.0112609 0.99625
0.0461548 0.99625
0.046246 0.99625
0.0900081 0.985
-0.0246906 0.99875
-0.0898848 0.995
-0.0389557 0.99625
-0.114029 0.99875
0.0272112 0.995
0.0409022 0.99625
0.0439936 0.99875
-0.00078221 0.99375
-0.107554 0.9975
0.00646565 0.9925
-0.0261761 0.9975
0.0459584 0.99625
-0.0142798 0.99375
0.143858 0.9975
-0.0427822 0.99625
0.0255996 0.99375
0.0356171 0.995
-0.00742862 0.9975
-0.050707 0.9975
0.0128754 0.995
0.0831906 0.9975
-0.0399529 0.99375
0.0843015 0.995
-0.000848177 0.9975
-0.0370684 0.995
0.0143532 0.99625
-0.00541999 0.99375
-0.0641053 1
-0.115711 0.9975
0.00668023 0.9975
0.00711006 0.99875
-0.0103267 0.9925
-0.0512013 0.9975
-0.0627146 0.99625
0.0227187 0.99875
-0.0428465 0.99875
0.111436 0.9975
-0.0182845 0.99625
0.0126946 0.99625
-0.00107554 0.9925
-0.00576156 0.99625
0.0493245 0.995
0.00925093 0.99875
0.0145498 1
-0.0580679 1
0.099452 0.99875
0.0582921 0.99625
0.0749849 0.9975
0.0333563 0.995
-0.0265552 0.99875
-0.00980488 0.9975
0.0369732 0.99375
0.0891663 0.995
-0.0113908 0.9975
0.0298578 0.995
-0.0697586 0.99375
-0.017887 0.99375
-0.00202249 0.99625
-0.0396021 0.9925
0.0427058 0.995
0.0240062 0.9875
0.0517088 0.995
0.00454023 0.99625
-0.0113997 0.9975
-0.100517 0.9975
-0.0325733 0.9975
-0.0268625 0.99875
0.0396195 0.99
-0.00847121 0.99875
-0.0222939 0.995
0.0421987 0.99875
-0.0109641 0.99625
-0.00326101 0.9925
0.0828204 0.99625
0.0137998 0.99375
0.030179 0.99375
-0.0503372 0.99625
0.00762057 0.99625
-0.019033 0.99625
-0.0658178 0.99625
-0.00310308 0.99875
-0.0416277 0.99875
-0.064864 1
-0.000850109 0.9975
-0.00140674 0.99875
-0.00300318 0.9925
0.0568386 0.995
-0.071163 0.9975
-0.0101084 0.99875
-0.0619244 0.99875
0.0237799 0.99625
0.0907019 0.99875
-0.0301681 0.99625
0.0775995 0.99625
-0.0139131 0.99375
0.0844803 0.995
0.00848069 0.99375
-0.0437922 0.99625
-0.0286592 0.99875
-0.00763706 0.9975
0.0293232 1
0.0583454 0.995
0.0566848 0.995
-0.0726378 0.99625
-0.0648281 0.995
-0.0203948 0.99875
-0.0814911 0.99875
-0.0183924 0.9975
-0.0205505 0.99125
0.0353597 0.9975
-0.0344978 0.99625
0.0668582 0.995
-0.0560379 0.99875
-0.0469677 0.99625
0.00604502 0.99625
-0.0194342 0.995
-0.0172361 0.99875
0.0166031 0.9975
-0.024224 0.99875
0.000125246 0.99125
-0.00770925 0.99375
-0.092543 0.9925
0.0656507 0.9975
0.0613243 0.9975
-0.01689 0.99375
-0.00308222 0.9975
-0.0288754 0.99625
-0.0142079 0.99875
0.0685211 0.99375
0.0223272 0.9975
0.00190915 0.9975
-0.0453126 0.99625
0.0396147 0.9975
0.0165619 0.99625
0.0027951 0.99375
-0.0563186 0.99375
-0.0126082 0.995
-0.0445599 0.99625
-0.0150884 0.99625
-0.0798444 0.9975
-0.0441666 0.995
0.0730675 0.99875
-0.0214461 0.99875
0.0300493 0.99375
0.0076358 0.995
0.0573139 0.99375
0.0156058 0.99625
0.0997768 0.99625
0.0520149 0.99875
-0.0394539 0.9975
-0.00803989 0.99625
-0.0429625 0.99875
0.035883 0.99875
-0.0407463 0.99375
-0.00365903 0.9875
-0.0629364 0.9975
-0.102681 0.99625
-0.0466021 0.99625
-0.0723068 0.995
0.0446523 0.99625
0.0230225 0.99875
-0.0975872 0.99875
-0.0296044 0.9975
0.0812591 0.99125
-0.0290313 0.99625
0.0111099 0.99625
-0.111085 0.99875
0.0394967 0.99875
0.138468 0.9925
0.100871 0.995
-0.00349067 0.99625
-0.0705161 0.9975
0.0747827 0.99625
0.00506666 0.99625
-0.0496703 0.99125
0.108584 0.995
0.0964705 0.9975
-0.073804 0.995
-0.0388582 0.99625
0.0129222 0.99625
-0.0250142 0.995
-0.0506916 0.99875
-0.087023 0.995
-0.029865 0.9975
-0.0121275 0.9975
-0.0513808 0.99875
-0.0133938 0.9975
-0.0200144 0.995
-0.0632902 0.99375
0.0348376 0.995
0.111517 0.995
0.0435777 0.99625
-0.0693183 0.995
0.0653768 0.99625
0.0155429 0.9975
0.073252 0.99625
0.0414574 0.995
0.135758 0.9975
-0.0468052 0.99375
-0.0454391 0.995
0.00681794 0.9975
-0.0242306 0.99625
-0.0750018 0.99875
-0.0867661 0.9975
-0.0989441 0.99875
-0.155528 0.99875
0.0718736 0.995
0.0369768 0.9975
0.0365391 0.99375
-0.107862 0.99375
-0.106173 0.995
-0.00317605 0.99375
0.0365405 0.9975
-0.00274149 0.9925
-0.0106211 0.995
0.0348813 0.99625
0.0459647 0.99625
0.0434224 0.9975
-0.0928998 0.99625
-0.0666 0.9975
0.0194313 0.99875
0.00258453 0.9975
0.171314 0.99625
0.0585631 0.99875
0.023155 0.99
0.101162 0.99875
-0.04671 1
-0.0990113 0.99625
0.0505804 0.99875
0.0623277 0.9975
-0.0346049 0.99
0.0170569 0.995
-0.0428762 0.9925
-0.0202834 0.99875
-0.0503588 0.9975
-0.0394874 0.9925
-0.19318 0.99625
-0.0730251 0.99625
0.0532576 1
-0.0839764 0.99625
0.0538343 0.9975
0.00932331 0.99875
-0.0486882 0.99625
-0.0573948 0.995
-0.0956152 0.995
0.0242655 0.99625
0.0306241 0.9975
0.0871188 0.995
-0.0183659 0.995
0.0972544 0.9975
-0.0487059 0.99625
-0.0605847 0.9925
-0.0545695 0.99625
-0.0492443 0.995
0.114534 1
-0.0646902 0.99625
-0.0426966 0.99
-0.0231405 0.99375
-0.0153584 0.995
-0.105505 0.9925
0.0789937 0.995
0.0737728 0.9975
-0.077978 0.995
0.0781239 0.99375
-0.16203 0.99375
0.120034 0.99
-0.0877129 0.99375
-0.0807415 0.995
-0.0753935 0.99625
0.0222721 0.99375
0.0604691 0.995
-0.0887669 0.9925
0.100991 0.995
-0.185931 0.99875
-0.00104926 0.9975
0.156121 0.99875
0.0738698 0.99875
0.0400553 0.99875
-0.0328668 0.99375
-0.240901 0.99875
-0.07481 0.995
-0.0394616 0.99875
-0.0872758 0.9975
-0.00109092 0.99375
-0.0519531 0.995
-0.0956958 0.9925
0.0559826 0.9975
-0.214244 1
0.0181815 0.99125
-0.0984125 0.99625
0.0151496 0.995
-0.0397578 0.99375
0.116538 0.99625
0.0549329 0.99625
-0.110313 0.99375
0.191891 0.9925
0.130239 0.99375
0.13616 0.995
-0.0790684 0.99125
-0.132324 0.995
-0.0341485 0.9975
0.0692694 0.995
0.203666 0.9975
0.0749434 0.99625
-0.0487432 0.99625
-0.301976 0.99875
0.0199283 0.99375
-0.105792 0.99875
-0.0242799 0.9975
0.0566532 0.995
0.0103347 0.99625
-0.195346 0.995
-0.0371233 0.9925
0.238933 0.99875
-0.0709094 0.995
0.0117586 0.9975
-0.179855 1
-0.0419417 0.99625
0.0805161 0.995
0.17546 0.9975
0.0833464 0.99375
-0.151159 0.99625
-0.0744123 0.9975
0.0979828 0.99875
0.189162 0.9925
-0.0253393 0.99625
-0.183583 0.99375
0.00519833 0.99875
-0.0828849 0.99625
-0.134087 0.9975
0.0364341 0.99375
-0.00345555 0.99875
-0.175474 0.9975
-0.00399555 0.9925
0.0122019 0.99625
0.138458 0.99375
-0.0932814 0.99625
0.002048 0.98875
0.123183 0.995
-0.107055 0.9975
0.222628 0.99625
0.184858 0.99625
-0.174972 0.9975
-0.0896413 0.9925
0.0827254 0.995
0.31781 0.99375
0.149678 0.99625
-0.0151903 0.995
-0.0484629 0.995
0.102804 0.9975
-0.131377 1
-0.0843914 0.99625
-0.161088 0.99875
-0.493045 0.99625
-0.24032 0.995
0.179742 0.99625
0.363063 0.99875
9.08643e-05 0.9975
0.17918 0.99125
-0.0817417 0.9975
-0.443486 0.995
-0.140875 0.995
0.617248 1
0.350841 0.99625
-0.236034 0.99
0.0806265 0.9925
-0.232157 0.99875
-0.203953 0.99125
-0.0577885 0.99375
-0.0311083 0.995
0.384809 0.99625
0.237713 0.9975
0.104898 0.995
-0.132741 0.99375
-0.40433 0.995
-0.452304 0.9975
0.0666158 0.9975
0.214265 1
0.281643 0.99375
0.248019 0.9925
0.362759 0.99
-0.0497552 0.99125
-0.54745 0.99375
0.564194 0.995
0.885461 0.9975
-0.582783 0.99375
-0.0420102 0.9925
