5 157.181 0
4.54545 204.241 0
4.16667 243.23 0
3.84615 312.31 0
3.57143 369.344 0
3.33333 452.472 0
3.125 547.548 0
2.94118 707.926 0
2.77778 891.071 0
2.63158 1049.36 0
2.5 1401.21 0
2.38095 2082.18 0
2.27273 2810.89 0
2.17391 2055.38 0
2.08333 1445.67 0
2 1158.62 0
1.92308 936.689 0
1.85185 825.376 0
1.78571 675.947 0
1.72414 583.296 0
1.66667 508.831 0
1.6129 438.565 0
1.5625 381.427 0.00010001
1.51515 325.763 0
1.47059 289.397 0.00050005
1.42857 257.57 0.00120012
1.38889 227.543 0.00340034
1.35135 195.071 0.00740074
1.31579 168.571 0.0182018
1.28205 154.079 0.0326033
1.25 134.723 0.0561056
1.21951 112.354 0.0811081
1.19048 104.024 0.127413
1.16279 88.1512 0.168917
1.13636 81.7194 0.229523
1.11111 70.0027 0.272227
1.08696 63.697 0.343834
1.06383 53.9127 0.413541
1.04167 47.9434 0.461746
1.02041 42.4266 0.523252
1 38.1756 0.574357
0.980392 32.7509 0.615262
0.961538 29.6549 0.662766
0.943396 24.0082 0.720972
0.925926 23.0456 0.741074
0.909091 20.1299 0.776578
0.892857 17.1809 0.811881
0.877193 15.8896 0.830283
0.862069 13.2091 0.862686
0.847458 12.2794 0.874687
0.833333 10.8014 0.892389
0.819672 9.2377 0.911791
0.806452 8.05914 0.922692
0.793651 7.09173 0.935094
0.78125 5.62876 0.945895
0.769231 5.43014 0.951795
0.757576 4.63504 0.959996
0.746269 3.9515 0.965497
0.735294 3.68013 0.968897
0.724638 3.21964 0.974297
0.714286 2.80078 0.977898
0.704225 2.25987 0.982298
0.694444 1.81995 0.986399
0.684932 2.00702 0.985499
0.675676 1.48408 0.989299
0.666667 1.54353 0.989899
0.657895 1.29041 0.991499
0.649351 1.31359 0.991699
0.641026 1.00989 0.993599
0.632911 0.700238 0.9959
0.625 0.559369 0.9967
0.617284 0.439851 0.9975
0.609756 0.343615 0.998
0.60241 0.562597 0.9968
0.595238 0.432523 0.9976
0.588235 0.295492 0.9984
0.581395 0.396814 0.9979
0.574713 0.309561 0.9984
0.568182 0.37599 0.9981
0.561798 0.162108 0.9992
0.555556 0.124354 0.9994
0.549451 0.238283 0.999
0.543478 0.151584 0.9993
0.537634 0.110663 0.9995
0.531915 0.113056 0.9995
0.526316 0.0692981 0.9997
0.520833 0.0471812 0.9998
0.515464 0.120387 0.9995
0.510204 0.0491676 0.9998
0.505051 0.100332 0.9996
