0.444667
0.306166
0.500522
0.441043
0.307218
0.436093
0.453982
0.467188
0.397026
0.471132
0.367166
0.38306
0.345653
0.367542
0.312125
0.402231
0.346031
0.414058
0.320382
0.283978
0.264798
0.271646
0.42738
0.509794
0.317822
0.366982
0.306657
0.384694
0.302402
0.401915
0.35904
0.332902
0.432033
0.409268
0.319434
0.354713
0.368532
0.431122
0.466486
0.297893
0.40112
0.389639
0.477614
0.465031
0.261602
0.524422
0.381333
0.350346
0.450419
0.416833
0.390544
0.265806
0.392688
0.312699
0.365642
0.259366
0.396957
0.29386
0.285962
0.380595
