5 0.0192357
4 0.0650063
3.33333 0.13155
2.85714 0.254111
2.5 0.496206
2.22222 0.62825
2 0.658325
1.81818 0.663762
1.66667 0.665372
1.53846 0.666026
1.42857 0.66632
1.33333 0.666458
1.25 0.666542
1.17647 0.666587
1.11111 0.666615
1.05263 0.666636
1 0.666646
0.952381 0.666653
0.909091 0.666658
0.869565 0.66666
0.833333 0.666663
0.8 0.666664
0.769231 0.666665
0.740741 0.666666
0.714286 0.666666
0.689655 0.666666
0.666667 0.666666
0.645161 0.666666
0.625 0.666667
0.606061 0.666667
0.588235 0.666667
0.571429 0.666667
0.555556 0.666667
0.540541 0.666667
0.526316 0.666667
0.512821 0.666667
