5 9.59382 0.136474
4.7619 10.9948 0.13997
4.54545 12.758 0.146672
4.34783 13.7913 0.149657
4.16667 15.6367 0.156449
4 17.1447 0.167007
3.84615 18.9594 0.177864
3.7037 20.8802 0.185641
3.57143 24.0723 0.196514
3.44828 26.6357 0.204136
3.33333 28.4464 0.216664
3.22581 30.8571 0.230268
3.125 37.9106 0.249652
3.0303 40.9035 0.269112
2.94118 45.1612 0.287042
2.85714 52.6169 0.315534
2.77778 62.4275 0.341245
2.7027 72.8371 0.384366
2.63158 88.9388 0.44104
2.5641 101.232 0.494664
2.5 110.947 0.527087
2.43902 115.304 0.605836
2.38095 118.699 0.672883
2.32558 128.217 0.705941
2.27273 122.392 0.749582
2.22222 119.866 0.797909
2.17391 109.13 0.831368
2.12766 107.357 0.851523
2.08333 97.4983 0.867757
2.04082 81.4187 0.893743
2 75.0584 0.905316
1.96078 60.3477 0.927032
1.92308 54.6749 0.936004
1.88679 52.7852 0.942221
1.85185 49.9931 0.948162
1.81818 46.7898 0.952533
1.78571 41.5266 0.959465
1.75439 37.2786 0.963491
1.72414 35.5237 0.966992
1.69492 35.7318 0.969357
1.66667 30.4541 0.974509
1.63934 27.8102 0.976344
1.6129 27.3496 0.978245
1.5873 26.2466 0.980155
1.5625 23.074 0.983106
1.53846 22.1534 0.984951
1.51515 19.9888 0.985566
1.49254 19.044 0.986872
1.47059 18.425 0.987832
1.44928 17.5625 0.989162
1.42857 15.4233 0.990308
1.40845 15.0019 0.991193
1.38889 13.8112 0.991708
1.36986 13.1184 0.992498
1.35135 12.6719 0.993058
1.33333 12.1043 0.993733
1.31579 11.1439 0.994239
1.2987 9.24662 0.995004
1.28205 9.28686 0.995209
1.26582 9.29342 0.995604
1.25 8.31204 0.996059
1.23457 7.58782 0.996399
1.21951 7.89273 0.996424
1.20482 6.85106 0.996964
1.19048 6.28315 0.997234
1.17647 5.85498 0.997414
1.16279 5.8575 0.997544
1.14943 5.51288 0.997734
1.13636 5.33649 0.997939
1.1236 4.44018 0.998325
1.11111 4.40599 0.998345
1.0989 4.2757 0.998415
1.08696 4.19638 0.998515
1.07527 3.75994 0.998615
1.06383 3.37983 0.99888
1.05263 2.73804 0.999045
1.04167 2.98075 0.99899
1.03093 2.94912 0.99904
1.02041 3.18769 0.998995
1.0101 2.41692 0.99923
1 2.09291 0.99934
0.990099 2.38751 0.99926
0.980392 1.7116 0.999475
0.970874 1.92379 0.999445
0.961538 1.92 0.999435
0.952381 1.7878 0.9995
0.943396 1.68247 0.999525
0.934579 1.65835 0.99956
0.925926 1.30813 0.99965
0.917431 0.925272 0.999755
0.909091 1.10797 0.99972
0.900901 0.83878 0.999785
0.892857 1.01606 0.999745
0.884956 1.13376 0.99972
0.877193 0.925414 0.999775
0.869565 0.96888 0.999775
0.862069 0.900579 0.99979
0.854701 0.93762 0.999785
0.847458 0.860599 0.999805
0.840336 0.630128 0.99986
0.833333 0.731563 0.99984
0.826446 0.443082 0.999905
0.819672 0.456503 0.999905
0.813008 0.553684 0.999885
0.806452 0.440946 0.99991
0.8 0.330356 0.999935
0.793651 0.354466 0.99993
0.787402 0.334476 0.999935
0.78125 0.339764 0.999935
0.775194 0.371546 0.99993
0.769231 0.188996 0.999965
0.763359 0.464911 0.999915
0.757576 0.194856 0.999965
0.75188 0.394945 0.99993
0.746269 0.322497 0.999945
0.740741 0.319958 0.999945
0.735294 0.265809 0.999955
0.729927 0.269733 0.999955
0.724638 0.212973 0.999965
0.719424 0.123562 0.99998
0.714286 0.125346 0.99998
0.70922 0.127143 0.99998
0.704225 0.128953 0.99998
0.699301 0.163428 0.999975
0.694444 0.099483 0.999985
0.689655 0 1
0.684932 0.306336 0.999955
0.680272 0.172699 0.999975
0.675676 0.0700753 0.99999
0.671141 0.17743 0.999975
0.666667 0.143892 0.99998
0.662252 0.0364816 0.999995
0.657895 0.110844 0.999985
0.653595 0.0374544 0.999995
0.649351 0.0379456 0.999995
0.645161 0.0768608 0.99999
0.641026 0.0389376 0.999995
0.636943 0.0788571 0.99999
0.632911 0 1
0.628931 0.0404496 0.999995
0.625 0.04096 0.999995
0.621118 0.124359 0.999985
0.617284 0.0419904 0.999995
0.613497 0.0425104 0.999995
0.609756 0.0430336 0.999995
0.606061 0 1
0.60241 0 1
0.598802 0 1
0.595238 0.0451584 0.999995
0.591716 0 1
0.588235 0 1
0.584795 0 1
0.581395 0.0473344 0.999995
0.578035 0 1
0.574713 0 1
0.571429 0 1
0.568182 0 1
0.564972 0 1
0.561798 0 1
0.558659 0 1
0.555556 0 1
0.552486 0.0524176 0.999995
0.549451 0 1
0.546448 0 1
0.543478 0 1
0.540541 0.109493 0.99999
0.537634 0 1
0.534759 0.0559504 0.999995
0.531915 0 1
0.529101 0 1
0.526316 0 1
0.52356 0.0583696 0.999995
0.520833 0 1
0.518135 0 1
0.515464 0 1
0.512821 0 1
0.510204 0 1
0.507614 0 1
0.505051 0 1
0.502513 0 1
0.5 0 1
0.497512 0 1
0.49505 0 1
0.492611 0 1
0.490196 0 1
0.487805 0 1
0.485437 0 1
0.483092 0 1
0.480769 0.0692224 0.999995
0.478469 0 1
0.47619 0 1
0.473934 0 1
0.471698 0 1
0.469484 0 1
0.46729 0 1
0.465116 0 1
0.462963 0 1
0.460829 0 1
0.458716 0 1
0.456621 0 1
0.454545 0 1
0.452489 0 1
0.45045 0 1
0.44843 0 1
0.446429 0 1
0.444444 0 1
0.442478 0 1
0.440529 0 1
0.438596 0 1
0.436681 0 1
0.434783 0 1
0.4329 0 1
0.431034 0 1
0.429185 0 1
0.42735 0 1
0.425532 0 1
0.423729 0 1
0.421941 0 1
0.420168 0 1
0.41841 0 1
0.416667 0 1
0.414938 0 1
0.413223 0 1
0.411523 0 1
0.409836 0 1
0.408163 0 1
0.406504 0 1
0.404858 0 1
0.403226 0 1
0.401606 0 1
0.4 0 1
0.398406 0 1
0.396825 0 1
0.395257 0 1
0.393701 0 1
0.392157 0 1
0.390625 0 1
0.389105 0 1
0.387597 0 1
0.3861 0 1
0.384615 0 1
0.383142 0 1
0.381679 0 1
0.380228 0 1
0.378788 0 1
0.377358 0 1
0.37594 0 1
0.374532 0 1
0.373134 0 1
0.371747 0 1
0.37037 0 1
0.369004 0 1
0.367647 0 1
0.3663 0 1
0.364964 0 1
0.363636 0 1
0.362319 0 1
0.361011 0 1
0.359712 0 1
0.358423 0 1
0.357143 0 1
0.355872 0 1
0.35461 0 1
0.353357 0 1
0.352113 0 1
0.350877 0 1
0.34965 0 1
0.348432 0 1
0.347222 0 1
0.346021 0 1
0.344828 0 1
0.343643 0 1
0.342466 0 1
0.341297 0 1
0.340136 0 1
0.338983 0 1
0.337838 0 1
0.3367 0 1
0.33557 0 1
0.334448 0 1
0.333333 0 1
0.332226 0 1
0.331126 0 1
0.330033 0 1
0.328947 0 1
0.327869 0 1
0.326797 0 1
0.325733 0 1
0.324675 0 1
0.323625 0 1
0.322581 0 1
0.321543 0 1
0.320513 0 1
0.319489 0 1
0.318471 0 1
0.31746 0 1
0.316456 0 1
0.315457 0 1
0.314465 0 1
0.31348 0 1
0.3125 0 1
0.311526 0 1
0.310559 0 1
0.309598 0 1
0.308642 0 1
0.307692 0 1
0.306748 0 1
0.30581 0 1
0.304878 0 1
0.303951 0 1
0.30303 0 1
0.302115 0 1
0.301205 0 1
0.3003 0 1
0.299401 0 1
0.298507 0 1
0.297619 0 1
0.296736 0 1
0.295858 0 1
0.294985 0 1
0.294118 0 1
0.293255 0 1
0.292398 0 1
0.291545 0 1
0.290698 0 1
0.289855 0 1
0.289017 0 1
0.288184 0 1
0.287356 0 1
0.286533 0 1
0.285714 0 1
0.2849 0 1
0.284091 0 1
0.283286 0 1
0.282486 0 1
0.28169 0 1
0.280899 0 1
0.280112 0 1
0.27933 0 1
0.278552 0 1
0.277778 0 1
0.277008 0 1
0.276243 0 1
0.275482 0 1
0.274725 0 1
0.273973 0 1
0.273224 0 1
0.27248 0 1
0.271739 0 1
0.271003 0 1
0.27027 0 1
0.269542 0 1
0.268817 0 1
0.268097 0 1
0.26738 0 1
0.266667 0 1
0.265957 0 1
0.265252 0 1
0.26455 0 1
0.263852 0 1
0.263158 0 1
0.262467 0 1
0.26178 0 1
0.261097 0 1
0.260417 0 1
0.25974 0 1
0.259067 0 1
0.258398 0 1
0.257732 0 1
0.257069 0 1
0.25641 0 1
0.255754 0 1
0.255102 0 1
0.254453 0 1
0.253807 0 1
0.253165 0 1
0.252525 0 1
0.251889 0 1
0.251256 0 1
0.250627 0 1
0.25 0 1
0.249377 0 1
0.248756 0 1
0.248139 0 1
0.247525 0 1
0.246914 0 1
0.246305 0 1
0.2457 0 1
0.245098 0 1
0.244499 0 1
0.243902 0 1
0.243309 0 1
0.242718 0 1
0.242131 0 1
0.241546 0 1
0.240964 0 1
0.240385 0 1
0.239808 0 1
0.239234 0 1
0.238663 0 1
0.238095 0 1
0.23753 0 1
0.236967 0 1
0.236407 0 1
0.235849 0 1
0.235294 0 1
0.234742 0 1
0.234192 0 1
0.233645 0 1
0.2331 0 1
0.232558 0 1
0.232019 0 1
0.231481 0 1
0.230947 0 1
0.230415 0 1
0.229885 0 1
0.229358 0 1
0.228833 0 1
0.228311 0 1
0.22779 0 1
0.227273 0 1
0.226757 0 1
0.226244 0 1
0.225734 0 1
0.225225 0 1
0.224719 0 1
0.224215 0 1
0.223714 0 1
0.223214 0 1
0.222717 0 1
0.222222 0 1
0.221729 0 1
0.221239 0 1
0.220751 0 1
0.220264 0 1
0.21978 0 1
0.219298 0 1
0.218818 0 1
0.218341 0 1
0.217865 0 1
0.217391 0 1
0.21692 0 1
0.21645 0 1
0.215983 0 1
0.215517 0 1
0.215054 0 1
0.214592 0 1
0.214133 0 1
0.213675 0 1
0.21322 0 1
0.212766 0 1
0.212314 0 1
0.211864 0 1
0.211416 0 1
0.21097 0 1
0.210526 0 1
0.210084 0 1
0.209644 0 1
0.209205 0 1
0.208768 0 1
0.208333 0 1
0.2079 0 1
0.207469 0 1
0.207039 0 1
0.206612 0 1
0.206186 0 1
0.205761 0 1
0.205339 0 1
0.204918 0 1
0.204499 0 1
0.204082 0 1
0.203666 0 1
0.203252 0 1
0.20284 0 1
0.202429 0 1
0.20202 0 1
0.201613 0 1
0.201207 0 1
0.200803 0 1
0.200401 0 1
0.2 0 1
0.199601 0 1
0.199203 0 1
0.198807 0 1
0.198413 0 1
0.19802 0 1
0.197628 0 1
0.197239 0 1
0.19685 0 1
0.196464 0 1
0.196078 0 1
0.195695 0 1
0.195313 0 1
0.194932 0 1
0.194553 0 1
0.194175 0 1
0.193798 0 1
0.193424 0 1
0.19305 0 1
0.192678 0 1
0.192308 0 1
0.191939 0 1
0.191571 0 1
0.191205 0 1
0.19084 0 1
0.190476 0 1
0.190114 0 1
0.189753 0 1
0.189394 0 1
0.189036 0 1
0.188679 0 1
0.188324 0 1
0.18797 0 1
0.187617 0 1
0.187266 0 1
0.186916 0 1
0.186567 0 1
0.18622 0 1
0.185874 0 1
0.185529 0 1
0.185185 0 1
0.184843 0 1
0.184502 0 1
0.184162 0 1
0.183824 0 1
0.183486 0 1
0.18315 0 1
0.182815 0 1
0.182482 0 1
0.182149 0 1
0.181818 0 1
0.181488 0 1
0.181159 0 1
0.180832 0 1
0.180505 0 1
0.18018 0 1
0.179856 0 1
0.179533 0 1
0.179211 0 1
0.178891 0 1
0.178571 0 1
0.178253 0 1
0.177936 0 1
0.17762 0 1
0.177305 0 1
0.176991 0 1
0.176678 0 1
0.176367 0 1
0.176056 0 1
0.175747 0 1
0.175439 0 1
0.175131 0 1
0.174825 0 1
0.17452 0 1
0.174216 0 1
0.173913 0 1
0.173611 0 1
0.17331 0 1
0.17301 0 1
0.172712 0 1
0.172414 0 1
0.172117 0 1
0.171821 0 1
0.171527 0 1
0.171233 0 1
0.17094 0 1
0.170648 0 1
0.170358 0 1
0.170068 0 1
0.169779 0 1
0.169492 0 1
0.169205 0 1
0.168919 0 1
0.168634 0 1
0.16835 0 1
0.168067 0 1
0.167785 0 1
0.167504 0 1
0.167224 0 1
0.166945 0 1
0.166667 0 1
0.166389 0 1
0.166113 0 1
0.165837 0 1
0.165563 0 1
0.165289 0 1
0.165017 0 1
0.164745 0 1
0.164474 0 1
0.164204 0 1
0.163934 0 1
0.163666 0 1
0.163399 0 1
0.163132 0 1
0.162866 0 1
0.162602 0 1
0.162338 0 1
0.162075 0 1
0.161812 0 1
0.161551 0 1
0.16129 0 1
0.161031 0 1
0.160772 0 1
0.160514 0 1
0.160256 0 1
0.16 0 1
0.159744 0 1
0.15949 0 1
0.159236 0 1
0.158983 0 1
0.15873 0 1
0.158479 0 1
0.158228 0 1
0.157978 0 1
0.157729 0 1
0.15748 0 1
0.157233 0 1
0.156986 0 1
0.15674 0 1
0.156495 0 1
0.15625 0 1
0.156006 0 1
0.155763 0 1
0.155521 0 1
0.15528 0 1
0.155039 0 1
0.154799 0 1
0.15456 0 1
0.154321 0 1
0.154083 0 1
0.153846 0 1
0.15361 0 1
0.153374 0 1
0.153139 0 1
0.152905 0 1
0.152672 0 1
0.152439 0 1
0.152207 0 1
0.151976 0 1
0.151745 0 1
0.151515 0 1
0.151286 0 1
0.151057 0 1
0.15083 0 1
0.150602 0 1
0.150376 0 1
0.15015 0 1
0.149925 0 1
0.149701 0 1
0.149477 0 1
0.149254 0 1
0.149031 0 1
0.14881 0 1
0.148588 0 1
0.148368 0 1
0.148148 0 1
0.147929 0 1
0.14771 0 1
0.147493 0 1
0.147275 0 1
0.147059 0 1
0.146843 0 1
0.146628 0 1
0.146413 0 1
0.146199 0 1
0.145985 0 1
0.145773 0 1
0.14556 0 1
0.145349 0 1
0.145138 0 1
0.144928 0 1
0.144718 0 1
0.144509 0 1
0.1443 0 1
0.144092 0 1
0.143885 0 1
0.143678 0 1
0.143472 0 1
0.143266 0 1
0.143062 0 1
0.142857 0 1
0.142653 0 1
0.14245 0 1
0.142248 0 1
0.142045 0 1
0.141844 0 1
0.141643 0 1
0.141443 0 1
0.141243 0 1
0.141044 0 1
0.140845 0 1
0.140647 0 1
0.140449 0 1
0.140252 0 1
0.140056 0 1
0.13986 0 1
0.139665 0 1
0.13947 0 1
0.139276 0 1
0.139082 0 1
0.138889 0 1
0.138696 0 1
0.138504 0 1
0.138313 0 1
0.138122 0 1
0.137931 0 1
0.137741 0 1
0.137552 0 1
0.137363 0 1
0.137174 0 1
0.136986 0 1
0.136799 0 1
0.136612 0 1
0.136426 0 1
0.13624 0 1
0.136054 0 1
0.13587 0 1
0.135685 0 1
0.135501 0 1
0.135318 0 1
0.135135 0 1
0.134953 0 1
0.134771 0 1
0.13459 0 1
0.134409 0 1
0.134228 0 1
0.134048 0 1
0.133869 0 1
0.13369 0 1
0.133511 0 1
0.133333 0 1
0.133156 0 1
0.132979 0 1
0.132802 0 1
0.132626 0 1
0.13245 0 1
0.132275 0 1
0.1321 0 1
0.131926 0 1
0.131752 0 1
0.131579 0 1
0.131406 0 1
0.131234 0 1
0.131062 0 1
0.13089 0 1
0.130719 0 1
0.130548 0 1
0.130378 0 1
0.130208 0 1
0.130039 0 1
0.12987 0 1
0.129702 0 1
0.129534 0 1
0.129366 0 1
0.129199 0 1
0.129032 0 1
0.128866 0 1
0.1287 0 1
0.128535 0 1
0.12837 0 1
0.128205 0 1
0.128041 0 1
0.127877 0 1
0.127714 0 1
0.127551 0 1
0.127389 0 1
0.127226 0 1
0.127065 0 1
0.126904 0 1
0.126743 0 1
0.126582 0 1
0.126422 0 1
0.126263 0 1
0.126103 0 1
0.125945 0 1
0.125786 0 1
0.125628 0 1
0.125471 0 1
0.125313 0 1
0.125156 0 1
0.125 0 1
0.124844 0 1
0.124688 0 1
0.124533 0 1
0.124378 0 1
0.124224 0 1
0.124069 0 1
0.123916 0 1
0.123762 0 1
0.123609 0 1
0.123457 0 1
0.123305 0 1
0.123153 0 1
0.123001 0 1
0.12285 0 1
0.122699 0 1
0.122549 0 1
0.122399 0 1
0.122249 0 1
0.1221 0 1
0.121951 0 1
0.121803 0 1
0.121655 0 1
0.121507 0 1
0.121359 0 1
0.121212 0 1
0.121065 0 1
0.120919 0 1
0.120773 0 1
0.120627 0 1
0.120482 0 1
0.120337 0 1
0.120192 0 1
0.120048 0 1
0.119904 0 1
0.11976 0 1
0.119617 0 1
0.119474 0 1
0.119332 0 1
0.11919 0 1
0.119048 0 1
0.118906 0 1
0.118765 0 1
0.118624 0 1
0.118483 0 1
0.118343 0 1
0.118203 0 1
0.118064 0 1
0.117925 0 1
0.117786 0 1
0.117647 0 1
0.117509 0 1
0.117371 0 1
0.117233 0 1
0.117096 0 1
0.116959 0 1
0.116822 0 1
0.116686 0 1
0.11655 0 1
0.116414 0 1
0.116279 0 1
0.116144 0 1
0.116009 0 1
0.115875 0 1
0.115741 0 1
0.115607 0 1
0.115473 0 1
0.11534 0 1
0.115207 0 1
0.115075 0 1
0.114943 0 1
0.114811 0 1
0.114679 0 1
0.114548 0 1
0.114416 0 1
0.114286 0 1
0.114155 0 1
0.114025 0 1
0.113895 0 1
0.113766 0 1
0.113636 0 1
0.113507 0 1
0.113379 0 1
0.11325 0 1
0.113122 0 1
0.112994 0 1
0.112867 0 1
0.11274 0 1
0.112613 0 1
0.112486 0 1
0.11236 0 1
0.112233 0 1
0.112108 0 1
0.111982 0 1
0.111857 0 1
0.111732 0 1
0.111607 0 1
0.111483 0 1
0.111359 0 1
0.111235 0 1
0.111111 0 1
0.110988 0 1
0.110865 0 1
0.110742 0 1
0.110619 0 1
0.110497 0 1
0.110375 0 1
0.110254 0 1
0.110132 0 1
0.110011 0 1
0.10989 0 1
0.109769 0 1
0.109649 0 1
0.109529 0 1
0.109409 0 1
0.10929 0 1
0.10917 0 1
0.109051 0 1
0.108932 0 1
0.108814 0 1
0.108696 0 1
0.108578 0 1
0.10846 0 1
0.108342 0 1
0.108225 0 1
0.108108 0 1
0.107991 0 1
0.107875 0 1
0.107759 0 1
0.107643 0 1
0.107527 0 1
0.107411 0 1
0.107296 0 1
0.107181 0 1
0.107066 0 1
0.106952 0 1
0.106838 0 1
0.106724 0 1
0.10661 0 1
0.106496 0 1
0.106383 0 1
0.10627 0 1
0.106157 0 1
0.106045 0 1
0.105932 0 1
0.10582 0 1
0.105708 0 1
0.105597 0 1
0.105485 0 1
0.105374 0 1
0.105263 0 1
0.105152 0 1
0.105042 0 1
0.104932 0 1
0.104822 0 1
0.104712 0 1
0.104603 0 1
0.104493 0 1
0.104384 0 1
0.104275 0 1
0.104167 0 1
0.104058 0 1
0.10395 0 1
0.103842 0 1
0.103734 0 1
0.103627 0 1
0.10352 0 1
0.103413 0 1
0.103306 0 1
0.103199 0 1
0.103093 0 1
0.102987 0 1
0.102881 0 1
0.102775 0 1
0.102669 0 1
0.102564 0 1
0.102459 0 1
0.102354 0 1
0.102249 0 1
0.102145 0 1
0.102041 0 1
0.101937 0 1
0.101833 0 1
0.101729 0 1
0.101626 0 1
0.101523 0 1
0.10142 0 1
0.101317 0 1
0.101215 0 1
0.101112 0 1
0.10101 0 1
0.100908 0 1
0.100806 0 1
0.100705 0 1
0.100604 0 1
0.100503 0 1
0.100402 0 1
0.100301 0 1
0.1002 0 1
0.1001 0 1
0.1 0 1
