5 2.7159 0.282187
4 5.11223 0.333351
3.33333 10.3417 0.429143
2.85714 17.3375 0.566682
2.5 23.6747 0.711744
2.22222 22.0738 0.84128
2 16.5292 0.914318
1.81818 11.5272 0.951824
1.66667 8.17233 0.973404
1.53846 5.50112 0.983861
1.42857 3.74487 0.99061
1.33333 2.86785 0.993918
1.25 1.93117 0.996265
1.17647 1.43421 0.997519
1.11111 1.32062 0.997946
1.05263 0.802664 0.99888
1 0.445011 0.99944
0.952381 0.49667 0.99944
0.909091 0.410947 0.999573
0.869565 0.309311 0.999707
0.833333 0.122757 0.999893
0.8 0.0999333 0.99992
0.769231 0.0720826 0.999947
0.740741 0.0777341 0.999947
0.714286 0 1
0.689655 0 1
0.666667 0.048 0.999973
0.645161 0 1
0.625 0 1
0.606061 0 1
0.588235 0 1
0.571429 0 1
0.555556 0 1
0.540541 0 1
0.526316 0 1
0.512821 0 1
