5 -0.0103707
4 0.0132521
3.33333 0.036365
2.85714 0.0975983
2.5 0.291944
2.22222 0.634633
2 0.663833
1.81818 0.665865
1.66667 0.666325
1.53846 0.666496
1.42857 0.666573
1.33333 0.666613
1.25 0.666634
1.17647 0.666647
1.11111 0.666654
1.05263 0.666659
1 0.666662
0.952381 0.666663
0.909091 0.666665
0.869565 0.666665
0.833333 0.666666
0.8 0.666666
0.769231 0.666666
0.740741 0.666666
0.714286 0.666666
0.689655 0.666667
0.666667 0.666667
0.645161 0.666667
0.625 0.666667
0.606061 0.666667
0.588235 0.666667
0.571429 0.666667
0.555556 0.666667
0.540541 0.666667
0.526316 0.666667
0.512821 0.666667
