5 2.57883 -0.00020004
4.54545 3.52233 0.00040008
4.16667 4.48697 0.00060012
3.84615 5.99177 -0.00140028
3.57143 7.52492 0
3.33333 10.3215 0.0010002
3.125 12.71 -0.00320064
2.94118 16.0698 0.00160032
2.77778 19.0765 0.0090018
2.63158 21.4354 0.00940188
2.5 22.8914 -0.0128026
2.38095 22.1706 0.00680136
2.27273 21.3923 -0.039808
2.17391 21.3911 0.0194039
2.08333 18.9893 -0.0132026
2 15.8307 -0.0330066
1.92308 14.4578 0.0834167
1.85185 11.4534 0.396079
1.78571 10.155 0.657932
1.72414 9.58628 0.582316
1.66667 7.97377 0.780356
1.6129 6.95168 -0.0462092
1.5625 6.01959 0.627526
1.51515 4.69137 0.861572
1.47059 4.41813 0.882577
1.42857 3.98416 0.894979
1.38889 3.53865 -0.655531
1.35135 3.24745 0.924585
1.31579 2.76488 0.932587
1.28205 2.18068 0.95119
1.25 2.03906 0.955391
1.21951 1.85511 0.962793
1.19048 1.74232 0.967193
1.16279 1.60259 0.969194
1.13636 1.25675 0.977996
1.11111 1.22922 0.978996
1.08696 0.956693 0.983397
1.06383 0.673557 0.988198
1.04167 0.78614 0.986997
1.02041 0.551504 0.991198
1 0.577558 0.991398
0.980392 0.518852 0.992398
0.961538 0.611081 0.991598
0.943396 0.443168 0.993799
0.925926 0.312274 0.995799
0.909091 0.231669 0.996999
0.892857 0.328061 0.996399
0.877193 0.232283 0.997199
0.862069 0.381711 0.995799
0.847458 0.177906 0.998
0.833333 0.239041 0.997399
0.819672 0.114195 0.9988
0.806452 0.11797 0.9988
0.793651 0.0406344 0.9996
0.78125 0.104774 0.999
0.769231 0.0864761 0.9992
0.757576 0.0445965 0.9996
0.746269 0.0689234 0.9994
0.735294 0.165525 0.9986
0.724638 0.0243763 0.9998
0.714286 0.050166 0.9996
0.704225 0.0258099 0.9998
0.694444 0.0265421 0.9998
0.684932 0.109072 0.9992
0.675676 0 1
0.666667 0.0288 0.9998
0.657895 0 1
0.649351 0 1
0.641026 0 1
0.632911 0 1
0.625 0 1
0.617284 0 1
0.609756 0.0344269 0.9998
0.60241 0 1
0.595238 0 1
0.588235 0 1
0.581395 0 1
0.574713 0 1
0.568182 0 1
0.561798 0 1
0.555556 0 1
0.549451 0.0423987 0.9998
0.543478 0 1
0.537634 0 1
0.531915 0 1
0.526316 0 1
0.520833 0 1
0.515464 0 1
0.510204 0 1
0.505051 0 1
