1 0.4075
0.302825 0.1975
0.100718 0.00375
0.0329471 0.06875
0.001197 0.04375
-0.00185075 0.03875
0.00860404 0.0175
0.00768491 0.09875
0.0212454 0.145
0.0417722 0.13
0.0262563 0.1
0.014059 0.09375
0.0103021 0.105
-0.000818835 0.025
-0.0138101 0.04125
-0.0196079 0.0975
0.00083761 0.025
0.0143741 0.05875
0.0124348 0.02
0.022071 0.0025
0.00578735 0.0475
0.00027976 0.0425
-0.0120594 0.02875
0.00383929 0.06375
0.0242596 0.0325
-0.011997 0
-0.00527993 0.03125
-0.000583112 0.03
0.0303167 0.045
0.02102 0.08
0.00402576 0.065
-0.00839715 0.01875
-0.013984 0.04375
-0.0173755 0.03
0.00882897 0.065
0.00464522 0.1125
-0.00309574 0.0275
-0.00473278 0.015
-0.0178426 0.0475
-0.0132159 0.0425
-0.0038104 0.06125
-0.0144331 0.0275
-0.00849705 0.06125
0.000969927 0.0625
0.00305088 0.05375
0.00820444 0.02
-0.01063 0.00125
0.00285468 0.0125
-0.00157981 0.0075
-0.00243232 0.05875
0.0130256 0.015
0.0101321 0.0875
0.026122 0.09875
0.0121524 0.1375
-0.00825425 0.03625
-0.00666968 0.1125
-0.00759101 0.02625
-0.0133617 0.0275
-0.00634467 0.02
0.00305179 0.16
-0.0152745 0.03375
-0.0217254 0.03
-0.0175335 0.00375
-0.0159275 0.08125
-0.00249109 0.07375
0.00714367 0.04625
0.0281956 0.0225
0.0187658 0.09
0.00349055 0.1375
0.0117963 0.0725
0.00968219 0.0825
0.000586856 0.035
-0.0168122 0.0425
-0.0128146 0.12
-0.0217185 0.0375
-0.00988238 0.04
0.00573308 0.04125
0.0108367 0.0325
0.00596734 0.08
0.0311896 0.09125
0.0201248 0.06375
0.0158259 0.0425
0.0101021 0.09
0.00858822 0.09125
0.0078867 0.08125
-0.0128061 0.09
0.000432043 0.0225
-0.00308215 0.08875
0.000502276 0.0925
0.0161726 0.02375
0.0205056 0.06875
-0.0110726 0.11375
0.00131421 0.13125
0.0139939 0.0475
-0.00437022 0.015
-0.00669442 0
-0.00184512 0.00875
-0.00872827 0.05875
-0.0215569 0.07625
-0.0217444 0.01125
0.00161189 0.015
-0.00406105 0.04875
0.00137285 0.01125
-0.00122573 0.0675
0.0102654 0.01
0.00861204 0.03
0.00439255 0.065
0.0112906 0.0875
0.00867072 0.09625
0.0231302 0.06625
0.0155879 0.05125
-0.0119802 0
-0.00998452 0.0525
-0.010467 0.05125
-0.0133946 0.04375
-0.0112463 0.11125
-0.00116317 0.02375
0.00515046 0.03125
0.0139968 0.02375
0.034093 0.0325
0.0279579 0.065
-0.00120289 0.05875
-0.00268211 0.00375
-0.000830369 0.05125
0.0129798 0.02625
0.00788133 0.11125
0.0181838 0.09875
0.00525926 0.13375
0.00628263 0.135
-0.0222588 0.0525
-0.0166595 0.0175
-0.00181943 0.02625
-0.0332523 0.00125
-0.0182427 0.04
-0.0202868 0.03875
-0.00281332 0.05875
0.0111909 0.0725
0.0223928 0.0425
0.0284897 0.03125
0.0241705 0.06
0.0058598 0.00625
-0.0165554 0.06
-0.0122134 0.01125
-0.00240541 0.035
0.000206385 0.055
0.0110226 0.07125
-0.00170776 0.0475
-0.00303642 0.00875
-0.00982077 0.00375
-0.0241985 0.00625
-0.0287223 0.005
-0.0213722 0.1025
-0.0109822 0.0125
-0.00112158 0.1025
-0.000132712 0.11
-0.00338475 0.05125
-0.0075155 0.0075
0.00484077 0.05125
-0.0027051 0.0625
-0.00555159 0.04875
5.64116e-05 0.00875
-0.00179928 0.04875
0.0180147 0.12625
0.00952247 0.04875
-0.0164887 0.03375
-0.00865243 0.04125
-0.00408785 0.1075
-0.0088319 0.025
0.0285766 0.095
0.0234077 0.1075
-0.0115964 0.05125
-0.0118601 0.09375
0.00914378 0.0325
0.00555484 0.09
-0.0152142 0.10625
-0.000822749 0.02625
0.0122584 0.1175
0.00330341 0.01375
0.0199088 0.07875
0.0286927 0.0675
-0.00218914 0.04125
-0.016934 0.0175
-0.00252478 0.05
-0.00818993 0.00875
0.0117226 0.015
-0.000323879 0.08125
-0.0167874 0.0275
-0.0159722 0.1425
-0.0342657 0.0475
0.00312755 0.025
-0.000749156 0.0725
0.00389533 0.025
0.00110216 0.0475
0.00148868 0.02875
-0.0108687 0.0025
-0.00829775 0.025
0.0123158 0.05125
-0.00388965 0.045
-0.00867877 0.045
-0.0333981 0.0025
-0.0256539 0
-0.00529452 0.04875
0.00665179 0.0475
-0.0227665 0.03625
-0.0307807 0.00375
-0.0263904 0.0475
-0.0281254 0.0375
-0.0111268 0.0075
-0.0133984 0.035
-0.00562892 0.08
-0.00195047 0.01125
0.00521926 0.1
0.00607728 0.02875
0.0105022 0.0575
0.00265131 0.0175
0.0084865 0.01375
-0.000952371 0.02125
0.00108097 0.02375
-0.0131939 0.02875
-0.0202093 0.00625
-0.0258069 0.00625
-0.00864676 0.13
-0.00688512 0.07125
-0.00199264 0.03375
0.0155329 0.03125
0.0130278 0.015
-0.0077015 0.01875
-0.019098 0.0125
-0.0179136 0.125
-0.00237874 0.13
-0.0135446 0.0925
-0.0125351 0.035
-0.0041108 0.12
-0.0103219 0.01
0.0111057 0.0575
0.0216644 0.0475
-0.0208207 0.07875
-0.0110217 0.125
-0.00901065 0.025
0.00230474 0.015
-0.00535098 0.0775
-0.0137553 0.05
0.0136428 0.02
-0.0118391 0.06375
0.000546799 0.0125
0.00714947 0.12375
-0.0171915 0.085
0.00292857 0.08375
0.00488871 0.03875
0.000813858 0.015
-0.017625 0.03125
-0.00994754 0.015
-0.0255679 0.08
-0.0236157 0.07
-0.0172179 0.12875
0.018788 0.055
0.000636573 0.005
-0.00338646 0.0075
0.00401361 0.02
-0.00626387 0.0375
-0.0104649 0.01625
0.00163945 0.08875
0.0173587 0.065
0.0251573 0.135
0.00798846 0.15125
-0.00137508 0.03625
-0.00470668 0.0525
0.0131266 0.06625
0.0071882 0.06625
-0.00864511 0.00125
0.00775843 0.02125
-0.0123551 0.13125
-0.0150047 0.095
-0.00387529 0.14625
-0.0226514 0.12875
-0.0270025 0.12125
-0.00861476 0.05
-0.0136758 0.07
-0.0197131 0.00125
-0.0115608 0.02
-0.0208076 0.06625
-0.0195938 0.0925
-0.0114171 0.0175
-0.024526 0.04625
-0.0246785 0.00125
-0.0319973 0.03875
-0.0262503 0.045
-0.0436573 0.035
-0.0371681 0.04875
-0.0339302 0.02375
-0.0328829 0.11
-0.0166214 0.13125
-0.0220051 0.1675
-0.00942572 0.06875
-0.00569872 0.00125
0.00496092 0.00875
-0.00181047 0.01625
-0.0307943 0.035
-0.013871 0.035
-0.0102619 0.02875
-0.025612 0.02
-0.0120188 0.07375
0.0050145 0.07625
0.00191096 0.095
0.00787964 0.00875
-0.00720929 0.05125
-0.00238337 0.00375
0.0203115 0.06875
-0.008677 0.06125
-0.0235182 0.01625
-0.0230715 0.01
-0.0098207 0.08625
0.00462433 0.1275
0.000922933 0.075
0.0162198 0.04
0.0358391 0.03125
0.00494717 0.08625
-0.00592587 0.0075
0.00162682 0.1375
-0.00733385 0.09625
-0.0124724 0.13375
0.000159074 0.12625
-0.00963892 0.1175
0.010342 0.08125
0.00690304 0.125
-0.015664 0.01
-0.0155949 0.025
-0.00992137 0.06125
0.00458139 0.015
0.00829903 0.045
-0.00476415 0.10625
-0.00461604 0.05875
0.0096818 0.04125
-0.02067 0.07
-0.0259912 0.115
0.0136521 0.12125
0.0381905 0.195
0.0207036 0.2025
0.0385649 0.18125
0.0294299 0.16375
0.0138536 0.0225
0.0114369 0.06
0.00467242 0.10375
0.00425661 0.02
0.0133335 0.025
0.0074026 0.00875
-0.000460419 0.07
0.0164773 0.065
0.00801789 0.02375
0.0382811 0.035
0.0258315 0.05
0.0390753 0.03
0.0221737 0.10125
-0.0166325 0.01875
-0.0203555 0.06375
0.000709332 0.10125
-0.00664278 0.02875
0.0196665 0.00875
0.000932269 0.01125
0.0178324 0.03375
0.0256026 0.12375
0.0308965 0.06375
0.0110444 0.02875
-0.0034957 0.025
0.0155788 0.005
-0.00601745 0.08125
-0.0139632 0.02125
-0.00347948 0.025
-0.00345103 0.06875
0.0109242 0.015
0.00010277 0.10375
0.00589049 0.0875
-0.0166779 0.01875
0.0121067 0.0175
-0.0114375 0.02875
-0.0198272 0.00875
-0.0127581 0.04125
0.0121928 0.01375
0.0249961 0.095
0.0125336 0.065
0.0142398 0.0075
-0.00829189 0.0975
0.000407806 0.07375
-0.00832923 0.10125
-0.00703778 0.01
0.0325015 0.0525
0.0296346 0.01
0.0252628 0.02375
0.0288415 0.06
0.0115881 0.08375
-0.00933096 0.01625
0.00893869 0.11375
-0.0223885 0.1875
-0.0122312 0.17125
-0.0236514 0.01375
-0.041115 0.01125
-0.0291437 0.0425
-0.0255619 0.0725
-0.0190177 0.08875
-0.0152687 0.06875
-0.0210461 0.005
-0.00108093 0.01
-0.00456613 0.01875
0.0308191 0.01125
0.0126895 0.08
-0.0392319 0.07375
-0.0107421 0.00375
0.00418371 0.02875
-0.00478646 0.04875
-0.00635291 0.08875
0.00157976 0.0425
0.0125187 0.1575
0.0159518 0.025
0.00702192 0.0575
-0.00623888 0.0275
-0.0121386 0.0775
0.0345086 0.115
0.035939 0.15
-0.00309936 0.09125
0.00651478 0.06625
-0.00616965 0.1825
0.00933411 0.085
0.0245142 0.04625
0.00192361 0.12
-0.00169451 0.00375
-0.0178864 0.03375
0.00251845 0.04625
-0.0116117 0.055
-0.0077411 0.01375
-0.00537789 0.11375
0.0123933 0.07375
0.0421984 0.0925
0.0254733 0.10625
0.0337025 0.0325
0.0190158 0.03375
0.047194 0.05125
0.0337931 0.01125
0.00593705 0.015
-0.00263082 0.03875
-0.00298786 0.07375
0.00624462 0.06625
0.0286755 0.025
0.00336821 0.11125
-0.00281642 0.27125
0.00367249 0.09375
0.00849454 0.0275
0.0073023 0.0425
0.014507 0.00375
0.015884 0.02
0.00100783 0.03375
0.00901939 0.0325
0.0133559 0.01375
-0.00128389 0.0775
-0.0110139 0.15875
-0.00450577 0.0725
0.0273819 0.07375
0.00824591 0.0275
0.0201853 0.02875
0.0147217 0.09375
-0.00439139 0.09125
0.00248562 0.1
0.0221445 0.20125
-0.00172232 0.2075
0.00598881 0.2225
0.000857875 0.07375
-0.0109909 0.09375
0.0138065 0.06625
0.0200453 0.0225
0.00984628 0.04
0.00738052 0.00875
0.00715929 0.05125
0.0235526 0.16375
-0.00835431 0.11
-0.0272499 0.0475
-0.0109986 0.065
-0.000123839 0.095
0.0125559 0.08125
0.0247989 0.0125
0.000630457 0.05625
-0.0051527 0.0425
-0.0038158 0.045
-0.0178732 0.09
-0.00645103 0.0175
0.0147124 0.05
0.00620679 0.0975
0.0270378 0.125
0.0339136 0.03
0.0451459 0.145
0.00989377 0.03375
0.00584324 0.08125
0.00543964 0.1
-0.00399561 0.06875
0.0160513 0.0425
0.0152563 0.0425
-0.0134884 0.15
-0.0250241 0.01625
-0.0130599 0.00125
-0.00287009 0.085
0.010748 0.11875
0.00183036 0.0525
0.0184915 0.13125
-0.00947445 0.02125
-0.0104439 0.04625
-0.0176964 0.01125
-0.00838968 0.0575
-0.00656593 0.05625
-0.00979095 0.00625
-0.00879924 0.0025
-0.0133544 0.04
-0.0258295 0.07375
0.00396037 0.04375
0.00286099 0.00625
-0.0014604 0.025
0.00324694 0.07125
0.0181359 0.12
0.0132382 0.085
0.0253734 0.0825
0.0194922 0.03
-0.0140867 0.04375
-0.0139113 0.05125
0.00200868 0
-0.00239367 0.02625
-0.0133491 0.08625
0.0095136 0.07125
-0.0112346 0.00375
-0.0142234 0.02875
-0.00987122 0.01625
-0.00463944 0.0025
0.0328633 0.04125
0.016649 0.0575
0.0132031 0.04
0.00375353 0.0425
0.00429148 0.03375
-0.000175916 0.0025
-0.0202205 0.08875
-0.0195222 0.04
0.0133282 0.025
0.0171465 0.02375
0.0144859 0.065
0.0307871 0.02
0.0363342 0.06125
0.0209085 0.01125
-0.0127144 0.005
0.0115525 0.06125
0.00752164 0.0975
-0.00677225 0.0375
-0.0144399 0.06625
-0.0241145 0.055
-0.0161728 0.02375
-0.0131304 0.00875
0.022402 0.0275
0.00719725 0.09875
-0.0185518 0.05875
0.0182818 0.03625
0.0184638 0.1
-0.00520349 0.05125
-0.0092947 0.00625
-0.00142074 0.01125
-0.0241693 0.0175
-0.0164956 0.015
-0.00709408 0.04375
-0.00893937 0.015
-0.0132362 0.03125
0.00280718 0.0175
0.0105273 0.0675
0.0028787 0.09375
0.014642 0.04625
0.0154744 0.09375
-0.000783833 0.04
0.0231597 0.05125
0.0233761 0.00125
0.00348639 0.015
0.00192381 0.01
0.00924279 0.00625
-0.00554678 0.015
-0.00294733 0.0625
0.0077469 0.03125
-0.0112133 0.13875
0.00385675 0.11625
0.0140764 0.005
0.0333889 0.11875
0.00123874 0.01125
-0.0108772 0.005
0.0017654 0.04125
-0.00450866 0.0275
-0.017805 0.01375
-0.00666201 0.0125
0.00962688 0.12375
0.00187151 0.195
0.00937986 0.165
-0.00572496 0.10375
0.000990776 0.03
-0.00541331 0.07125
-0.00168296 0.05
0.00818584 0.07875
0.0150824 0.0725
0.00245459 0.0875
0.00704692 0.00375
0.018181 0.08
0.0327252 0.08
0.00964702 0.055
-0.00814108 0.04
0.00648854 0.1125
0.00858094 0.00625
-0.00798786 0.06875
-0.00278284 0.005
0.0123481 0.03375
0.00339963 0.06875
0.00726316 0.0425
0.0194876 0.075
-0.00867321 0.00375
0.00164508 0.02625
0.0200103 0.0525
0.0264204 0.03875
0.0257397 0.055
-0.00114804 0.1025
-0.00903621 0.0175
-0.00407931 0.01875
0.0235996 0.04375
-0.00288871 0.0125
0.00922937 0.11625
-0.0145832 0.00625
-4.86751e-05 0.08
-0.0226935 0.1225
-0.00988918 0.0125
-0.0280812 0.1375
0.00101554 0.07625
-0.0116094 0.00625
-0.0244268 0.02375
-0.0111051 0.02625
-0.013115 0.01375
-0.0150822 0.065
-0.0148319 0.0425
0.0105596 0.0075
0.0173803 0.0025
-0.000258543 0.0475
-0.00135171 0.0175
0.00901704 0.1075
-0.00271596 0.0125
0.0028299 0.03375
-0.00956872 0.03625
-0.021214 0.0325
-0.0182377 0.035
0.00290714 0.07125
-0.0228022 0.105
-0.0215704 0.005
0.0158127 0.06
0.00154806 0.08375
-0.00559693 0.04375
-0.00708788 0.015
-0.00858626 0.0875
0.00442505 0.00125
0.00592821 0.12375
0.0050694 0.04375
0.0308341 0.09625
0.0232516 0.05625
0.0342152 0.06625
-0.01038 0.00875
0.00196516 0.03375
-0.00525165 0.06
-0.0138079 0.04125
0.0154551 0.0175
0.0228968 0.0075
0.0146885 0.00875
0.0163271 0.13375
0.0181616 0.07
0.0225739 0.01875
0.0232756 0.02875
0.0110036 0.03875
-0.0117518 0.07375
-0.0169849 0.03625
-0.00149485 0.055
-0.00167237 0.0875
-0.00529945 0.04625
-0.0178066 0.09125
-0.0145909 0.02125
0.00510948 0.08625
-0.00517594 0.135
0.0142103 0.15875
-0.000971406 0.05375
-0.014648 0.02125
-0.0297447 0.08125
-0.037264 0.0025
-0.0117443 0.0375
0.00400755 0.02875
0.0115526 0.03
-0.0010042 0.025
0.00848636 0.07125
0.0115468 0.02375
0.0327872 0.09875
0.00934291 0.02375
0.00716231 0.01
0.00523514 0.0125
0.00843576 0.03875
-0.0216744 0.01625
-0.0202096 0.03625
-0.0145223 0.03875
-0.0312005 0
-0.018086 0.06625
-0.0150001 0.02375
0.000785436 0.03125
-0.0183388 0.01625
-0.009 0.045
-0.000401568 0.04875
-0.0109838 0.085
-0.00796618 0.0025
0.0192996 0.055
-0.0181661 0.06125
0.0100598 0.03125
-0.0115553 0.00625
-0.0304709 0.04
-0.0221158 0.05125
-0.0109619 0.01
-0.00643625 0.06875
0.000952057 0.00125
0.00103677 0.025
0.00405637 0.04
-0.00186558 0.0275
0.00904379 0.01875
0.000668411 0.06125
0.00301998 0.1325
0.00664045 0.1425
0.0120114 0.1425
0.00936993 0.14375
0.0136809 0.05625
0.00382512 0.055
0.00450189 0.0175
0.0091916 0.1
0.0143376 0.0575
-0.00105786 0.115
0.0151687 0.065
0.0157973 0.06625
0.00800762 0.02875
0.00669371 0.03125
0.0115245 0.0675
0.0158362 0.0325
0.0145448 0.02
0.0282459 0.00125
0.0052305 0.10625
0.00598652 0.1225
0.000786951 0.06125
-0.0187713 0.00625
-0.0125697 0.00125
-0.00990397 0.0125
-0.00904533 0.07875
-0.00579843 0.10125
-0.0100056 0.20625
-0.0154955 0.13125
-0.0216765 0.04
-0.0267265 0.0075
-0.0194076 0.00625
-0.0131709 0.0225
0.00778558 0.01125
-0.0073824 0.05
-0.014698 0.09375
0.00516127 0.08375
-0.00282384 0.085
-0.0134669 0.1275
-0.0170765 0.15
-0.0223288 0.04125
-0.00447393 0.03875
-0.0350873 0.0375
-0.0315457 0.015
-0.00368716 0.06
0.0161724 0.0525
0.0357395 0.07625
0.021691 0.1225
0.00519998 0.09375
-0.0191779 0.11625
-0.0612927 0.0375
-0.0346679 0.00375
-0.007734 0.0525
-0.0159057 0.025
0.0101145 0.02625
-0.0165155 0.04
0.00288414 0.0575
-0.00216766 0.09625
-0.0273303 0.08125
-0.00406421 0.08875
0.00106308 0.02625
0.00201947 0.0125
0.00889096 0.01375
0.0145833 0.08625
-0.00243579 0.02375
0.00808315 0.0675
-0.0137672 0.08875
-0.0333626 0.05625
-0.0239592 0.1025
-0.0223159 0.035
-0.0144319 0.005
0.014848 0.03625
0.0144134 0.0225
0.00179252 0.0675
-0.00409815 0.00125
-0.00496703 0.03375
0.0168697 0
-0.0110202 0.025
-0.0299088 0.0125
-0.0322229 0.00875
-0.0227096 0.03125
-0.0178657 0.10625
-0.01687 0.08625
-0.00672199 0.0275
-0.00273176 0.02875
-0.00949736 0.00125
-0.01021 0.0625
0.0137199 0.02
0.0338753 0.09
0.0119797 0.04875
0.00989536 0.065
0.0327781 0.0625
0.00525681 0.09625
0.00240635 0.08
-0.0120052 0.0825
0.00850432 0.0275
0.0367214 0.0075
0.0214709 0.0325
-0.0298033 0.01
-0.0156394 0.0525
-0.0416352 0.01375
-0.0233764 0.0025
-0.000834644 0.035
-0.0171438 0.05125
0.0128197 0.125
0.0108938 0.195
-0.00538401 0.04625
0.00124995 0.03625
-0.0149279 0.045
-0.00867823 0.04375
-0.0126212 0.01375
-0.020984 0.10875
-0.0101028 0.00375
0.00269892 0.00375
0.00800694 0.02625
0.027773 0.0825
0.0125832 0.0125
0.00184735 0.00625
0.00150451 0.12375
-0.00399227 0.00125
0.00776497 0.065
0.00518217 0.0725
0.00890591 0.12125
0.0093611 0.14625
0.0186772 0.12
0.0313956 0.145
0.0100258 0.03625
0.0081112 0.0725
0.010155 0.1125
-0.00143565 0.1375
-0.0035882 0.06625
0.0170185 0.19
0.0104138 0.07
0.0165635 0.01875
0.000511122 0.01
-0.00274811 0.02
-0.0128987 0.02
-0.0166996 0.00125
-0.000453027 0.055
5.9649e-05 0.1125
-0.00751373 0.11875
-0.0083823 0.0425
0.00674924 0.045
0.0168815 0.09
0.000593937 0.005
-0.0127274 0.05875
-0.0188609 0.095
-0.0132157 0.18125
0.0135311 0.095
0.0278115 0.02625
0.0176062 0.00375
-0.00101134 0.0775
0.0182403 0.11
0.0132785 0.02
-0.000710468 0.00125
0.0305896 0.1725
0.0262145 0.16125
0.0234357 0.13375
0.00122158 0.07875
0.0319564 0.1075
0.0169688 0.03875
-0.000229585 0.00125
-0.0115553 0.07
-0.02034 0.13125
-0.0244593 0.0475
-0.0211686 0.0375
-0.00937767 0.01125
-0.014575 0.0275
-0.0251443 0.0075
-0.000271408 0.0575
-0.0149224 0.02875
-0.00958385 0.00625
0.00435096 0.03625
-0.000139903 0.01375
0.019636 0.07
-0.00544724 0.045
-0.0171153 0.01625
-0.0136978 0.00625
-0.0101882 0.0125
-0.0237742 0.01
-0.00969184 0.03875
0.0124364 0.05625
0.0112929 0.07875
0.0482533 0.0025
0.0230239 0.04125
0.00445481 0.0425
-0.00782176 0.02875
-0.0157527 0.105
-0.0221698 0.035
-0.0344885 0.0925
-0.0195143 0.1225
0.00966687 0.12375
0.0126921 0.0575
0.0109481 0.01375
0.00122931 0.1375
-0.0141336 0.0475
0.00200383 0.035
0.0214805 0.1025
0.00680115 0.02
0.00675466 0.0675
0.0108192 0.04875
-0.00356558 0.005
-0.00965222 0.0925
-0.0214812 0.03125
0.00146759 0.0225
0.0224235 0.07125
-0.00551926 0.065
-0.00205083 0.0925
0.0129642 0.07
0.0175766 0.005
0.0169112 0.13125
-0.00949977 0.005
0.00159078 0.025
-0.00713135 0.0425
-0.00402612 0.05625
0.0111857 0.00625
-0.00797176 0.115
-0.0375124 0.01625
-0.0447532 0.0375
-0.00165795 0.045
-0.00188349 0.02125
-0.00883934 0.03875
-0.0095022 0.05875
-0.0182376 0.0125
-0.0180949 0.05125
0.0117361 0.05
-0.00264028 0.0375
-0.00942436 0.05875
0.00617811 0.01
-0.00623893 0.00375
0.0105797 0.00375
0.0177195 0.07875
0.0304011 0.01875
0.0187989 0.015
0.0236563 0.0325
0.0247807 0.055
0.0387356 0.1175
0.0182525 0.07
-0.0125643 0.0025
-0.00139198 0.09375
-0.0172789 0.06875
-0.0040788 0.06
0.00881613 0.07375
0.0129903 0.03125
0.0102114 0.0625
-0.01065 0.04875
-0.00123774 0.05
-0.0231918 0.00625
0.0106818 0.0275
0.0125659 0.03625
0.0246215 0.1075
-0.00549157 0.035
-0.0104401 0.00625
-0.00049763 0.01875
0.0167946 0.0025
0.000784593 0.05375
0.010163 0.02
0.008535 0.075
0.016328 0.01875
0.0224217 0.05
0.0232422 0.00375
0.01312 0.06875
0.00782317 0.04125
-0.0125117 0.0975
0.00299609 0.01125
0.0143145 0.05
0.00618254 0.09375
0.00101694 0.025
-0.0102349 0.02375
-0.0316723 0.04
-0.00729822 0.0325
0.0016467 0.00375
0.00280608 0.0175
0.00930126 0.0725
-0.0120384 0.03125
-0.0165196 0.01125
0.00702698 0.05125
-0.0274617 0.0075
-0.00185234 0.03875
0.0119433 0.05875
0.044182 0.06
0.0266176 0.0875
0.0263258 0.14875
0.0223238 0.13375
-0.00763518 0.15
-0.00940463 0.055
0.021028 0.065
0.00488369 0.07125
0.023215 0.03875
0.0062628 0.05375
-0.0244282 0.02
-0.0276894 0.00125
-0.0202383 0.04125
-0.0059234 0.1025
-0.0010661 0.05875
0.00160258 0.05625
0.0218688 0.015
0.000572102 0.00375
-0.000857109 0.00375
-0.00400839 0.0025
0.00338318 0.07375
0.00355166 0.05
0.0141729 0.11875
-0.00730619 0.035
-0.00216653 0.015
-0.00117924 0.0075
-0.00421728 0.09
-0.047197 0.13
-0.0335493 0.11125
-0.0134084 0.0425
-0.00574356 0.01875
0.00123709 0.105
0.010103 0.03
-0.0192443 0.0625
-0.0363636 0.02375
-0.00811781 0.04
-0.00178371 0.03375
-0.0272646 0.0125
-0.00567701 0.0775
-0.0219359 0.08
-0.00184338 0.00125
0.0167095 0.10625
-0.0268432 0.02875
-0.00302304 0.0225
-0.00173589 0.05375
0.00592079 0.11
-0.000771295 0.0375
0.0170247 0.00375
0.0275307 0.02125
0.0178357 0.01875
0.0100286 0.015
-0.00615164 0.04125
0.0080454 0.0375
-0.0121745 0.035
-0.00862906 0.0475
0.0129921 0.15875
0.00870116 0.07625
-0.00246459 0.05375
0.0119382 0.08125
0.0253789 0.04875
-0.0162047 0.00125
-0.00264203 0.0675
-0.022371 0.0225
-0.0200954 0.015
-0.00371837 0.065
0.00960627 0.165
0.0282416 0.11125
-0.00155033 0.055
0.00688161 0.02125
-0.00324061 0.0075
0.0159602 0.02375
0.0244219 0.015
0.0173636 0.0575
-0.00771176 0.04375
0.000363212 0.015
0.0115187 0.0525
0.0143461 0.03
-0.00975187 0.05125
0.00786215 0.0375
-0.00391809 0.10875
0.000323624 0.0975
-0.00439811 0.1175
0.00173698 0.09
-0.00713528 0.0175
-0.0230263 0.0125
0.00209229 0.02625
-0.00202513 0.1375
0.00507813 0.055
0.0135705 0.0975
-0.0177378 0.005
-0.00420688 0.0975
-0.0354684 0.06
-0.0177907 0.03375
-0.0137433 0.045
0.0224407 0.09375
0.0179172 0.0375
0.000738212 0.0125
0.0047773 0.00875
0.0089198 0.06
-0.0116701 0.02125
-0.0101497 0.015
-0.0228938 0.0675
-0.000934052 0.02625
0.00415879 0.12125
0.0247791 0.015
-0.0108143 0.0375
-0.00936201 0.07125
0.00855121 0.12625
0.0219706 0.0925
-0.0142111 0.105
-0.0192474 0.08375
-0.0149274 0.03125
-0.0134547 0.03
-0.00136117 0.01
-0.00364056 0.045
-0.0160121 0.015
-0.0167981 0.03375
-0.00763454 0.1675
-0.00293047 0.07625
-0.0335192 0.09875
-0.0150241 0.11125
-0.00832329 0.04125
-0.0325686 0.065
-0.00178268 0.0275
-0.0105215 0.005
-0.00503661 0.01375
0.0139725 0.03125
0.0028602 0.05
-0.018589 0.02125
-0.0169928 0.00125
-0.0175108 0.01
-0.0131109 0.15125
-0.0148551 0.15625
-0.0218728 0.02625
-0.0120531 0.0375
-0.0152739 0.0175
-0.0167227 0.02625
-0.0167912 0.01375
0.00635395 0.06
0.00320269 0.015
0.0160841 0.0575
0.0012586 0.0175
0.00986938 0.025
-0.000957937 0.08375
-0.0129132 0.04625
-0.00207997 0.025
-0.0228425 0.07125
-0.00302515 0.11375
-0.0309948 0.04625
-0.0251166 0.05125
-0.0486266 0.03875
-0.0432855 0.01625
-0.0287231 0.005
-0.00717064 0.0525
0.0177909 0.06125
0.011881 0.045
-0.0223066 0.0025
-0.00202344 0.025
-0.0291976 0.025
-0.027647 0.03625
-0.0119636 0.0225
-0.0285312 0.015
-0.00527748 0.015
0.000540677 0.01375
0.0225333 0.045
-0.00212222 0.0225
-0.0175912 0.01375
-0.0019412 0.03625
0.015759 0.005
-0.00669712 0.11875
-0.0110124 0.02625
0.0149525 0.06
-0.00430526 0.06625
0.00755014 0.055
0.0198398 0.04875
0.0162735 0.16625
0.00519061 0.1075
0.0212582 0.1275
0.00889333 0.005
0.0143181 0.04625
0.0137883 0.04125
0.00425301 0.10875
-0.00693675 0.04375
0.0353816 0.0425
0.0340194 0.1725
-0.000573454 0.04375
-0.0216783 0.04375
-0.0131897 0.015
0.00715379 0.17625
-0.0129124 0.1075
-0.00987572 0.0375
0.00186691 0.08
0.00709004 0.0525
0.015517 0.04
0.0264128 0.07
0.0235519 0.0425
0.0221599 0.06
0.0016885 0.00375
0.00352551 0.06375
-0.0147613 0.0775
-4.84043e-05 0.0675
0.00370236 0.03375
-0.00566649 0.05375
-0.00980416 0.04375
-0.0115959 0.0225
-0.0145786 0.0475
-0.0202001 0.04625
0.0203767 0.05375
-0.0081409 0.035
-0.0108683 0.075
-0.0363609 0.09375
-0.0275701 0.09625
-0.00286444 0.08875
0.0172503 0.02625
0.0067835 0.045
-0.00776108 0.0125
-0.0240406 0.0075
-0.0256202 0.01125
-0.000991844 0.08
-0.0101862 0.06125
-0.0407189 0.02875
-0.0374039 0.01625
-0.0221847 0.0275
-0.00678962 0.07375
0.00682059 0.04125
-0.00321037 0.1175
-0.0204696 0.075
-0.0106209 0.1175
-0.0158118 0.18375
-0.0094295 0.105
-0.0115888 0.0125
-0.00455935 0.0625
0.0108559 0.1125
-0.00286329 0.08
-0.0218572 0.02875
-0.0250098 0.00625
-0.0167578 0.01
0.00052738 0.07375
-0.0199458 0.0225
-0.0193518 0.06
-0.0198431 0.065
-0.0073155 0.02875
-0.0243184 0.01625
0.00287833 0.00125
-0.0337825 0.115
-0.0189813 0.16375
-0.0192782 0.1525
-0.00625516 0.16125
0.0102834 0.00125
-0.000529502 0.0075
-0.00454877 0.04625
-0.00592011 0.05375
0.00268336 0.0725
-0.0123077 0.04125
0.0116846 0.14625
-0.0104883 0.00125
-0.0206613 0.0625
0.00244509 0.005
0.0021754 0.0075
-0.00537082 0.075
0.0168999 0.035
-0.00302503 0.00875
0.0133335 0.06875
0.0221473 0.02125
0.013157 0.01625
0.0167253 0.03
0.00202854 0.13625
-0.00993414 0.04375
-0.0167994 0.04875
-0.0254782 0
-0.0150048 0.0375
0.0255991 0.095
0.0129279 0.115
-0.00673486 0.0375
-0.0274304 0.01625
-0.0187995 0.02875
-0.0045649 0.05
-0.000402098 0.13125
-0.0266585 0.06125
0.0106453 0.0075
0.0114121 0.04875
0.0114711 0.0125
0.0185634 0.12
0.0253058 0.09625
0.0165004 0.02875
0.00180277 0.0025
-0.0111949 0.005
-0.0154951 0.005
-0.00809963 0.04
0.00684853 0.01875
0.00842091 0.0325
0.00345782 0.02125
0.032971 0.11
0.0212408 0.065
0.00388834 0.0725
0.00319126 0.11625
0.0099916 0.17
-0.00318725 0.115
-0.0102313 0.0675
-0.0117303 0.11625
0.00142749 0.0925
0.0156672 0.02
0.00283526 0.02625
0.0279055 0.09875
0.00607556 0.00875
0.0253661 0.03
0.0421423 0.06625
0.020989 0.00625
0.00996286 0.075
-0.00499862 0.035
6.98684e-05 0.06375
0.0100083 0.16
-0.013473 0.07375
-0.0359747 0.08125
-0.025665 0.005
-0.0122956 0.09
0.00407304 0.11375
0.0211573 0.04125
0.0171127 0.035
0.0213046 0.0275
0.0240093 0.00625
0.015079 0.05
0.0135571 0.13375
0.0207922 0.01875
0.00307659 0.03125
-0.0117748 0.04
-0.0346747 0.00625
-0.00488616 0.135
0.00544716 0.12875
0.00545339 0.08375
-0.00219978 0.0325
0.0137096 0.015
0.0147714 0.09875
0.0112556 0.06375
-0.00815074 0.09
-0.0191312 0.1075
0.01164 0.09875
0.0204026 0.0925
0.0245478 0.1
0.0118048 0.0225
0.00950784 0.015
0.0327486 0.055
0.000450579 0.02125
0.0160593 0.01625
0.011088 0.095
0.00360875 0.0275
0.0104551 0.03625
0.0170536 0.00625
-0.0208726 0.01625
-0.000634734 0.06125
0.00561168 0.02875
0.0314477 0.04875
0.0454731 0.0075
-0.00695542 0.0375
-0.0272793 0.01125
0.0197013 0.095
0.0217466 0.10375
-0.00984932 0.0425
0.00134583 0.08625
-0.0305708 0.005
-0.0388544 0.05
-0.00717702 0.01375
-0.0135012 0.0025
-0.0288844 0.0125
-0.00651895 0.0125
0.00540511 0.01125
-0.0058291 0.0575
0.0193007 0.06375
-0.0163054 0.1225
-0.0216605 0.06875
-0.0149852 0.06
-0.0345749 0.00875
-0.0038792 0.01375
-0.00923966 0.1
-0.00727141 0.00625
0.0122435 0.00625
0.0186018 0.06
0.000600197 0.085
-0.00728371 0.0125
0.000879057 0.09875
-0.0110881 0.0975
-0.0124002 0.05375
-0.00633807 0.04375
-0.00672066 0.0025
0.011418 0.07875
0.0286727 0.07
0.0422783 0.075
0.026207 0.07875
0.00860835 0.05
0.010697 0.01875
0.019444 0.04875
0.0228555 0.09
0.00469359 0.03875
0.00559725 0.00625
0.00682626 0.04125
-0.0173605 0.0125
0.00334498 0.0625
-0.0106248 0.03125
-0.00120406 0.0675
-0.0250416 0.06
-0.0224052 0.02625
-0.0172879 0.05625
0.0312377 0.03875
0.0105707 0.06
-0.0207795 0.0275
-0.0224825 0.13
-0.0187491 0.0225
0.0124021 0.01
0.0208527 0.07375
0.024981 0.01875
0.046406 0.01125
0.0285419 0.02125
-0.000182135 0.01875
-0.00730229 0.05125
-0.018988 0.08625
0.0300861 0.08625
0.0239467 0.1375
0.00899243 0.15125
0.00629804 0.00875
0.0135406 0.0575
0.0294918 0.005
-0.00980113 0.025
0.0235233 0.04375
0.0114372 0.02625
-0.00246456 0.01375
0.0486723 0.03625
0.0332654 0.17
0.008698 0.00125
0.00766717 0.09625
0.0145582 0.00125
-0.00432919 0.10875
0.0180819 0.03125
0.040625 0.05375
0.0374567 0.055
0.0229428 0.04
0.0145901 0.07375
0.0111064 0.07375
-0.00401151 0.1175
0.00821296 0.0625
0.00354572 0.05125
-0.0183236 0.035
0.0225152 0.075
0.024516 0.02
0.029353 0.02625
0.0336912 0.1075
0.0218026 0.17375
-0.0039877 0.14625
-0.0141684 0.16125
-0.0118392 0.06625
0.00252514 0.0175
0.0174751 0.0525
-0.00133684 0.0325
-0.0113302 0.0225
-0.0189436 0.02125
-0.0227153 0.05375
0.00641373 0.13125
0.0255639 0.035
0.0197655 0.05375
0.0194637 0.145
-0.00211344 0.07375
-0.0300313 0.05125
-0.031221 0.00125
-0.0144657 0.00375
-0.0142068 0.06
-0.0202158 0.0025
-0.0313583 0.0425
-0.0430395 0.045
-0.0131272 0.1175
0.000245718 0.1125
0.0143178 0.0475
-0.0121274 0.00375
-0.0159082 0.05625
-0.00869328 0.04125
-0.0200596 0.07
-0.0189469 0.07625
-0.0164964 0.03875
-0.00179665 0.09
-0.00775417 0
0.0106717 0.01
-0.00526319 0.055
-0.0205634 0.0075
0.00556855 0.12875
0.00294527 0.0575
-0.0320308 0.01375
-0.0281989 0.01375
-0.0127213 0.005
-0.0200522 0.02375
-0.0328015 0.0675
-0.0291545 0.01125
-0.0106191 0.07875
-0.0127304 0.0325
0.0151974 0.06125
0.00824666 0.04375
0.00297966 0.12125
-0.000445614 0.1075
0.00374049 0.03375
0.0176357 0.08125
0.00255638 0.02125
0.0291497 0
0.00127107 0.00125
0.0277762 0.01
0.0140364 0.0825
0.0123827 0.01
0.0208743 0.03
-0.0191419 0.00125
-0.00561586 0.0925
-0.0009869 0.04125
0.0135941 0.04
0.0066003 0.06125
0.0140276 0.11875
-0.0118098 0.04375
-0.0202291 0.00875
-0.019119 0.02375
-0.0116677 0.0625
-0.0056762 0.04
0.0179793 0.08875
0.0225739 0.02375
-0.0197201 0.02
-0.00280368 0.035
0.027376 0.0075
0.0136011 0.05125
0.0185766 0.025
-0.00934945 0.02375
-0.00930198 0.0675
-0.0049204 0.04125
0.00828766 0.0875
0.000166085 0.0575
0.0163881 0.03375
0.00290552 0.01375
0.0327323 0.03375
0.0159015 0.00375
0.0194319 0.035
0.0121789 0.02875
0.0170582 0.15875
0.0155706 0.1175
0.0153427 0.055
-0.0115455 0.04875
-0.0270823 0.0025
0.00149493 0.01125
0.0125526 0.0575
-0.019024 0.12
-0.0225387 0.01625
-0.00289401 0.00875
-0.0125535 0.165
0.00129904 0.16375
0.0275295 0.07625
0.00481865 0.1075
-0.00476519 0.02375
0.00866749 0.125
-0.0240628 0.015
-0.0262602 0.0525
-0.014628 0.03875
-0.00768924 0.0175
0.00322391 0.06375
-0.00662603 0.0425
0.00729837 0.01375
0.00335423 0.01375
-0.00614891 0.0675
-0.00977065 0.03
-0.00266368 0.0025
-0.0211082 0.01375
-0.00489153 0.0775
0.0101461 0.15875
0.0057472 0.12
0.0184219 0.00375
-0.0180242 0.0175
-0.01438 0.0425
-0.0287416 0.045
0.02382 0.12
0.0186814 0.0475
-0.0136992 0.0775
-0.0140218 0.0325
-0.0185909 0.05375
-0.00684588 0.08875
-0.0130285 0.03
-0.0147348 0.0325
-0.0234627 0.09375
-0.0581275 0.00375
-0.0262563 0.12
-0.0306347 0.09625
-0.0380359 0.01375
-0.0295792 0.01
-0.0357679 0.03125
-0.0222537 0.03375
-0.0196071 0.03125
-0.0143558 0.00875
-0.00165177 0.07625
-0.0169079 0.01875
-0.0249004 0.04375
0.00662408 0.04125
-0.00236878 0.00875
0.00166468 0.13875
-0.00123559 0.1075
-0.0255438 0.0725
-0.0177442 0.045
-0.020172 0.07375
-0.0322363 0.05625
-0.0200159 0.095
-0.00407482 0.09625
-0.0257312 0.06875
0.0194583 0.02875
0.00894605 0.0425
0.0145854 0.02875
-0.00332021 0.05375
-0.0135357 0.02625
-0.0244324 0.02625
-0.0285987 0.03
-0.0256529 0.0125
-0.0390301 0.04375
-4.71965e-05 0.04875
-0.00357528 0.0825
0.0264323 0.105
0.0372319 0.085
0.00123293 0.10125
0.0096832 0.05125
0.0178985 0.04125
0.000827592 0.03625
-0.00512287 0.06625
-0.00237441 0.035
0.00467923 0.0275
0.0133384 0.08125
0.00684153 0.03125
0.00923928 0.01125
0.00434654 0.06
-0.00362725 0.00625
0.00487294 0.02125
-0.0143059 0.04875
-0.0308486 0.0175
-0.0206036 0.06125
-0.0182518 0.05
-0.0256073 0.0275
0.00373524 0.02
0.0112229 0.04375
-0.00308584 0.015
0.0223304 0.06
0.0212921 0.03
-0.00474918 0.0025
-0.0342622 0.04375
-0.0152397 0.01
0.00405901 0.1325
0.0365275 0.13125
-0.000631885 0.02
0.0163362 0.0475
0.00655867 0.03625
0.00747963 0.04625
0.006792 0.03
-0.00074223 0.03125
0.0164028 0.1225
0.0259777 0.06125
0.013169 0.0025
0.0140206 0.055
-5.98839e-05 0.00125
0.00289604 0.06875
0.0114674 0.0825
0.0351371 0.08
0.0287667 0.17
-0.0113695 0.14
0.00618091 0.13125
0.00275832 0.16625
0.0103661 0.10125
0.0173764 0.1425
0.00410092 0.0825
0.00383565 0.05125
-0.0105194 0.0075
-0.00340287 0.01625
-0.00724605 0.025
0.0129713 0.06125
0.0243248 0.0225
0.0260587 0.1425
0.0139997 0.03375
0.0271703 0.05375
-0.00186628 0.00375
-0.0417646 0.0775
-0.00895626 0.01625
0.00936453 0.09875
-0.0192628 0.0725
-0.0138245 0.06375
-0.0166651 0.08375
-0.017357 0.02125
7.5301e-05 0.06875
0.015793 0.08
-0.00901747 0.03
-0.00224694 0.01375
-0.0132381 0.07
-0.0196352 0.00125
-0.0422433 0.0125
-0.0431316 0.01375
-0.0239165 0.03
-0.0149713 0.1075
-0.0106341 0.07125
0.015231 0.03125
0.0123811 0.0125
0.0307538 0.0675
0.0357941 0.10625
0.0146069 0.0175
-0.0143653 0.03375
-0.0269649 0.015
-0.01935 0.01375
-0.0168628 0.02375
-0.00782332 0.0225
-0.0196435 0.10125
-0.0234767 0.08
-0.0408958 0.02375
-0.0345545 0.0025
-0.00505383 0.105
-0.0113557 0.0425
-0.0153985 0.05
-0.0059742 0.00625
-0.00541486 0.03375
-0.0212238 0.01625
-0.0204614 0.04625
-0.00978279 0.02625
0.00403705 0.02875
-0.0153627 0.0175
0.0246388 0.02875
0.00711114 0.0325
-0.0213903 0.05
-0.00726906 0.09
-0.0101882 0.015
-0.0316548 0.04125
-0.0115012 0.08
-0.000384927 0.0425
-0.0160446 0.06
-0.0219366 0.05875
-0.0118265 0.02625
0.00863301 0.04125
-0.0115494 0.03625
0.00290659 0.1125
0.00340235 0.09625
0.00926672 0.20375
-0.0159032 0.09875
-0.00854783 0.03625
0.00164997 0.06
-0.00254237 0.0025
0.0327144 0.0075
-0.00800357 0.08875
0.00290427 0.025
0.0272186 0.08875
0.0202283 0.02
-0.0026696 0.0625
0.022918 0.04625
-0.000152995 0.03125
-0.00771797 0.0525
-0.0135944 0.055
-0.0322822 0.085
-0.0413556 0.03375
-0.00945623 0.11625
0.00553419 0.065
-0.0268179 0.03125
-0.032139 0.06625
-0.0352743 0.01875
-0.0123422 0.0075
0.000907865 0.02625
0.0246118 0.1375
0.0109345 0.11875
0.0229526 0.00625
-0.00889446 0.01625
-0.0150651 0.0175
-0.0119997 0.0675
-0.0309902 0.04875
-0.0186317 0.03
-0.0180006 0.0225
0.00290508 0.1225
0.010888 0.17625
0.0162762 0.09125
-0.00190141 0.09875
-0.00390807 0.10375
-0.00368828 0.09875
-0.00641288 0.09375
0.0233708 0.1425
0.000113754 0.0775
0.0274239 0.06875
0.0279525 0.1075
0.00911663 0.07625
-0.0136939 0.01875
0.016822 0.0325
0.00731851 0.0175
0.0146667 0.07
-0.00110163 0.0225
0.00956478 0.05375
0.00837857 0.05625
-0.00266654 0.0525
-8.33397e-05 0.04125
0.0121469 0.11875
0.0232835 0.07625
0.0233919 0.0625
0.04989 0.05125
0.0335721 0.025
0.0380211 0.03
0.019248 0.00125
0.0286253 0.1125
0.0434884 0.1125
0.0123784 0.03
0.0399794 0.175
0.033919 0.17375
0.00204732 0.16375
0.0246201 0.07875
-0.0062884 0.0075
-0.00795671 0.03
-0.00441767 0.04
0.00249844 0.01
-0.0182525 0.0075
0.0132173 0.05625
0.0206072 0.00125
0.0302529 0.07875
0.0247479 0.09125
-0.00750262 0.02625
0.00173862 0.05875
0.0105224 0.02875
0.00225893 0.00375
-0.00804258 0.05875
0.00251338 0.025
-0.0091412 0.00125
0.0188583 0.08875
0.036831 0.12
-0.00852716 0.10375
-0.0269159 0.09625
-0.0470146 0.075
-0.0351959 0.0575
-0.0123758 0.04375
0.0161107 0.0025
0.00940501 0.1175
0.0189954 0.0075
0.0281838 0.025
-0.000200053 0.0225
-0.0117297 0.045
0.00314748 0.00875
0.000426806 0.085
-0.00628031 0.0325
-8.03848e-05 0.00125
0.0187531 0.0975
0.0295418 0.0125
0.0336314 0
0.026473 0.0325
0.0271099 0.00625
-0.0147474 0.0025
-0.00163551 0.0025
0.0119357 0.04625
-0.00837577 0.1175
-0.00895754 0.0925
-0.0331925 0.095
-0.0184017 0.09125
0.0127403 0.16125
0.000593461 0.135
0.00712724 0.10375
0.0212307 0.16
0.00511459 0.07875
-0.0193087 0.04125
-0.0153719 0.0125
-0.00561067 0.04375
-0.00848884 0.05125
0.000421746 0.045
-0.00415272 0.10375
-0.00519423 0.08625
0.0120059 0.02125
0.0150595 0.015
0.0101789 0.0225
0.0242175 0.0325
0.00450095 0.05625
0.010963 0.0125
0.0174205 0.025
0.0200211 0.0575
0.0170991 0.09875
-0.000847887 0.05125
0.00112165 0.00125
0.02829 0.0325
0.0329147 0.08875
0.0305739 0.06625
0.0230734 0.00875
0.00931472 0.02875
0.015859 0.03
0.0302122 0.00375
0.0744707 0.1225
0.0458896 0.07
0.0251746 0.01875
-0.0077269 0.08
-0.015402 0.0175
-0.0244815 0.015
-0.017567 0.015
0.00186921 0.07375
0.0211435 0.0625
-0.00568897 0.1
-0.041211 0.01125
-0.0275898 0.05125
-0.0181698 0.06125
-0.0244361 0.105
-0.0164639 0.02125
-0.0243727 0.00875
-0.0319277 0.0025
-0.0109174 0.005
0.000446027 0.04125
0.00736362 0.0575
0.0132229 0.0425
0.0223189 0.09875
0.00492876 0.155
0.00172356 0.10375
-0.00575992 0.04125
-0.00675834 0.005
-0.00342409 0.06375
-0.029469 0.0325
-0.0211993 0.08625
-0.0172856 0.03
0.00251313 0.0825
-0.0182694 0.0025
0.0206217 0.0175
0.0236426 0.11125
0.00503265 0.17125
-0.00621359 0.24875
-2.08392e-05 0.06625
0.0146036 0.0375
0.0166938 0.00875
-0.014988 0.05625
0.0028905 0.1825
0.00207442 0.06375
0.0209845 0.15
0.0233953 0.0275
-0.00446009 0.01
-0.0124408 0.01125
0.00976957 0.0575
0.011857 0.0075
-0.0131961 0.03375
-0.0234899 0.11875
0.0142927 0.09
-0.0120744 0.0425
-0.0232728 0.07125
-0.00809998 0.0675
-0.023313 0.03375
-0.00966624 0.05875
-0.0213769 0.00375
-0.0215247 0.0425
-0.0158029 0.01
0.00139923 0.10375
-0.00819746 0.01625
-0.00224108 0.02
-0.0147619 0.0675
-0.00217911 0.08125
-0.000605556 0.01125
-0.000363693 0.03875
0.00594941 0.0925
-0.0125466 0.00875
-0.0245183 0.03125
0.007345 0.025
0.00806368 0.01875
-0.00423066 0.04375
-0.0271236 0.05375
-0.00990625 0.05375
0.0329487 0.01625
0.0240978 0.0475
0.0188686 0.00875
0.0499072 0.0725
0.0428689 0.05375
0.047431 0.04375
0.00489436 0.0325
-0.000763291 0.0975
0.00184553 0.12
0.00485301 0.0825
0.0121238 0.0625
-0.0122836 0.115
-0.00593472 0.06125
0.0131774 0.00875
0.0103614 0.005
0.0359105 0.04375
0.0306906 0.08375
0.00941764 0.01125
0.0200514 0.09625
-0.000385377 0.04
-0.00761409 0.05375
-0.000909374 0.005
0.00647766 0.005
0.0430735 0.025
0.0582341 0.01375
0.0450186 0.06375
0.0168697 0.06125
-0.00910611 0.0025
0.00310834 0.0125
0.0124153 0.09375
0.00792011 0.0425
-0.00230646 0.0075
0.0142666 0.1325
0.00440631 0.05875
0.0165508 0.05625
0.0135508 0.165
0.035146 0.185
0.0203531 0.09625
0.0258154 0.1675
0.0424866 0.11875
0.0209926 0.01625
0.00335833 0.11375
0.0117435 0.13125
-0.00247221 0.0175
-0.024922 0.08875
-0.0231629 0.10375
0.000130545 0.02875
0.00783039 0.005
0.00851252 0.015
0.0432428 0.05125
-0.00888676 0.01125
-0.00638183 0.0125
0.000992907 0.0175
0.0283787 0.03375
-0.00160461 0.06
-0.0058633 0.0825
0.00832532 0.0825
0.0016968 0.05
-0.00120392 0.00125
0.0198947 0.06
0.00943516 0.03875
-0.0123911 0.0975
-0.0105298 0.005
-0.0117982 0.06125
0.00977289 0.18625
0.0186682 0.14875
0.00313737 0.08125
0.00216103 0.02
0.000786024 0.0475
-0.0130619 0.005
-0.00127208 0.0175
-0.00522156 0.04375
-0.00755846 0.005
-0.00631689 0.09125
-0.0416442 0.035
-0.00972147 0.115
-0.000444616 0.0825
0.0065073 0.1125
-0.00689333 0.02
-0.0145582 0.00875
-0.0255521 0.025
-0.0265093 0.02
0.0160765 0.05
0.00801192 0.06375
0.0187456 0.0275
0.0205353 0.06625
-0.00412886 0.00875
-0.0133507 0.14625
-0.0140643 0.0325
0.0112492 0.005
0.00125745 0.0225
-0.0115284 0.0425
0.00927187 0.005
0.0331069 0.02875
0.0144243 0.03125
0.00827266 0.02625
0.000448534 0.06625
-0.0155477 0.07875
0.00707006 0.0575
0.00418227 0.1
0.0127167 0.12
0.0205413 0.08
0.0023769 0.08625
0.00370251 0.1
0.0159801 0.13625
0.00546438 0.01625
-0.0322642 0.0175
-0.0331685 0.01
-0.052368 0.11875
-0.00831357 0.03625
0.00437255 0.095
-0.00480784 0.03125
0.0094905 0.05625
-0.022718 0.095
-0.0458014 0.005
-0.0124322 0.0425
-0.028169 0.10375
-0.0215366 0.0625
0.00372836 0.055
-0.0112678 0.0275
-0.0217125 0.00625
-0.024157 0.04125
-0.020322 0.03
0.0263252 0.0075
0.0173652 0.05125
0.007805 0.07375
-0.00206017 0.10875
-0.0152403 0.15125
-0.0220928 0.15375
-0.0288277 0.03375
-0.016594 0.095
-0.0209718 0.065
-0.00241536 0.0925
-0.00248835 0.0475
-0.0317482 0.0375
-0.0190889 0.02875
-0.0179129 0.00875
-0.0138767 0.01625
-0.0169069 0.04125
-0.0321366 0.01125
-0.0287322 0.11
-0.00452384 0.0925
-0.03363 0.075
-0.0166034 0.06125
-0.0149274 0.055
0.00122978 0.04125
-0.0189087 0.0225
-0.00902217 0.10375
-0.0226092 0.07375
-0.0169052 0.02125
-0.00839437 0.05875
-0.0437646 0.0175
-0.00196106 0.07
-0.00566042 0.01125
-0.00722348 0.10125
-0.0205723 0.06125
-0.0043963 0.1225
-0.0151149 0.19
-0.0302339 0.0975
-0.0237706 0.05
-0.019271 0.11375
0.0149102 0.17125
-0.0113279 0.10875
-0.0438651 0.165
-0.0441582 0.14
-0.0268025 0.04
-0.0208966 0.00875
-0.0108632 0.05
-0.00251921 0.03
0.0016897 0.1025
-0.0129044 0.05625
-0.0290029 0.0325
-0.0369505 0.0175
-0.0251606 0.04875
-0.0527858 0.03375
-0.00592508 0.025
0.0194842 0.1425
0.000222108 0.27125
0.00296818 0.0625
0.00108616 0.03875
0.0103275 0.0225
0.00936773 0.00625
-0.00468169 0.05125
7.39071e-05 0.13625
0.00246578 0.0825
0.0320065 0.08875
0.035445 0.1525
0.0123027 0.17125
0.019156 0.095
0.000136549 0.025
-0.012988 0.08375
-0.0274505 0.0725
-0.00912806 0.09875
-0.0211383 0.02125
0.0161602 0.13
-0.0161113 0
-0.00141625 0.06375
0.00910713 0.10625
-0.00690104 0.02875
-0.0186316 0.04
0.00758476 0.08
0.0156037 0.02125
0.00555901 0.0025
-0.00418958 0.02625
0.00772836 0.05375
0.00922861 0.12125
0.0183841 0.10875
0.0087535 0.07375
-0.0240719 0.07125
-0.0184925 0.015
0.0114596 0.1075
0.0186495 0.13125
0.00847545 0.03375
0.0146301 0.0575
0.00253548 0.07375
-0.00384557 0.01875
0.03545 0
0.0194271 0.015
0.0187875 0.035
0.0163659 0.0075
-0.0106144 0.01
-0.0181829 0.03375
-0.0201939 0.04625
-0.0114114 0.1
-0.042295 0.04875
-0.0363751 0.06
-0.0225333 0.02
-0.00515499 0.0175
-0.0205578 0.00125
-0.00224166 0.01
-0.0292297 0.0675
-0.0284654 0.01
-0.00436123 0.0725
-0.0345302 0.0425
-0.0492105 0.095
0.00183286 0.05875
0.0233197 0.04
0.0170918 0.07
0.0194811 0.05375
0.00508635 0.03125
-0.00462994 0.05125
-0.0391277 0.14625
-0.0285668 0.0575
-0.0255268 0.10625
-0.0446981 0.045
-0.028009 0.01
-0.014781 0.04875
-0.00118626 0.04875
-0.00306522 0.085
0.0019051 0.035
-0.0230812 0.13875
-0.040391 0.095
-0.0342498 0.0725
-0.0104631 0.1075
0.0101418 0.11
-0.0011489 0.0725
0.00174558 0.0675
0.0039697 0.03625
-0.017076 0.06875
0.00135215 0.04
-0.0147465 0.03625
0.0142617 0.04625
0.0449048 0.0225
0.0183604 0.01375
0.0257265 0.0125
0.016131 0.11375
0.0217944 0.09
0.0234143 0.02
0.0319017 0.03
-0.000402406 0.065
-0.0158355 0.10125
7.00359e-05 0.065
0.033501 0.065
0.0129475 0.0175
-0.016788 0.07875
-0.0119108 0.02375
0.000519669 0.03375
0.023589 0.0675
-0.00950422 0.02375
-0.0279449 0.005
-0.0138522 0
0.00302403 0.115
-0.0366736 0.00125
-0.0107104 0.01625
0.0087701 0.02875
0.0185343 0
0.0126281 0.005
0.0107884 0.03375
0.00101252 0.05375
-0.00460871 0.0375
-0.0153182 0.0425
-0.0260765 0.04625
-0.0438966 0.015
-0.0379175 0.0075
-0.00411986 0.04875
-0.0143729 0.01625
-0.0120652 0.05
-0.00539159 0.0175
-0.0063463 0.0125
-0.0154271 0.0175
-0.0239701 0.15625
-0.0415532 0.01625
-0.000478851 0.07625
-0.00560444 0.165
-0.0112411 0.12625
0.000279064 0.13875
-0.00168314 0.1575
0.0331409 0.00625
0.0479706 0.00125
-0.00833762 0.02625
-0.0234576 0.03
0.00896055 0.13625
-0.0102283 0.04375
-0.0243425 0.01875
-0.00783895 0.0675
0.0125646 0.115
0.0283628 0.07125
0.0123947 0.07
0.00207979 0.0325
0.0174911 0.1025
0.00790846 0.1525
-0.026059 0.05625
-0.0166154 0.0825
0.000183956 0.085
-0.0037191 0.0075
0.0282395 0.03625
0.0153718 0.11625
-0.0177786 0.15
-0.019156 0.02875
-0.0178691 0.04375
0.0100256 0.1425
0.0326661 0.1025
0.0236579 0.0325
0.0292024 0.09125
-0.0016788 0.08375
-0.00956436 0.05
0.00858666 0.03
0.0178738 0.12375
-0.00215109 0.155
-0.00534816 0.2175
-0.00493996 0.15375
0.0118194 0.08125
0.0352927 0.0575
0.0427835 0.06875
0.018266 0.05125
0.0310025 0.11875
0.018458 0.15375
0.00597742 0.11125
0.00382806 0.0075
0.0169748 0.00875
0.00971666 0.0625
-0.0126606 0.1275
0.000375785 0.1425
-0.00284999 0.04375
0.0292646 0.06
0.0230002 0.09
0.0124895 0.045
0.0242927 0.04375
0.0217341 0.035
0.0299539 0.005
0.0323566 0.02375
0.0170387 0.085
0.0364848 0.06125
-0.00116756 0.0475
0.0141047 0.035
0.0155208 0.0075
0.0366626 0.03375
0.00795469 0.05
-0.00865667 0.03
-0.035291 0.0375
-0.00163482 0.06375
0.001605 0.05625
0.00566015 0.065
0.0173044 0.165
0.0220516 0.09
0.0150071 0.06125
0.00933485 0.0275
0.00589862 0.06
-0.00822059 0.06625
-0.00405256 0.0125
0.0155247 0.03375
-0.0152826 0.06625
-0.0140955 0.025
-0.00278264 0.0125
-0.0219482 0.02375
-0.00884089 0.0475
-0.00384442 0.07125
-0.0493202 0.02625
-0.0232522 0.0025
0.00190266 0.0525
0.0046099 0.065
-0.00452888 0.0075
0.00145745 0.0275
-0.0175298 0.03125
0.00665186 0.02375
0.015887 0.035
0.00419352 0.02375
0.00360281 0.155
0.0116161 0.10875
-0.0143108 0.01375
0.00429067 0.0025
0.000555464 0.03625
-0.0291544 0.005
-0.0109266 0.00125
-0.0289588 0.0025
0.00352536 0.01
-0.0048795 0.0125
0.0308257 0.095
0.044815 0.0475
0.0443084 0.0175
-0.00100083 0.03375
0.0236904 0.0675
0.00264198 0.05125
-0.0116155 0.00625
0.00155333 0.0125
-0.0340365 0.02625
-0.0246241 0.04625
-0.0152527 0.02375
0.00995049 0.02125
0.0199856 0.0475
0.0241541 0.095
0.00918148 0.0975
0.0190822 0.165
0.0139953 0.1425
0.0531377 0.16
0.0407 0.20375
0.0141434 0.06875
0.0207368 0.06875
0.0183695 0.025
0.00401771 0.06625
0.00144884 0.09125
-0.00306475 0.09125
-0.00647896 0.1375
0.00376096 0.11125
-0.00919815 0.0875
0.014974 0.06
0.0118261 0.01375
0.0314326 0.0425
0.0394059 0.0375
0.0499674 0.075
0.0234666 0.07
0.0372122 0.015
0.0286136 0.00375
0.0228366 0.05125
-0.0150897 0.02625
0.00989252 0.03375
0.025134 0.05
0.0412721 0.085
0.0315704 0.095
0.0313086 0.04375
0.0412022 0.03375
0.0305901 0.05875
0.0347629 0.01125
-0.00355547 0.025
0.00419601 0.03125
0.0269635 0.0175
0.0177515 0.01875
0.00498633 0.02125
0.000235007 0.01
0.0279445 0.07
0.0172309 0.02625
0.0304673 0.0425
0.0411118 0.10125
0.0212468 0.0575
0.0209393 0.04375
-0.0289659 0.055
-0.0105059 0.0575
-0.0177402 0.05125
-0.00712584 0.11875
0.00310114 0.00375
-0.00261085 0.0325
-0.00726295 0.0125
-0.00566689 0.0125
-0.0364835 0.085
-0.0130476 0.12
-0.00925819 0.07375
0.0123042 0.14625
0.000835629 0.15
-0.017571 0.035
-0.00917036 0.0775
-0.0215109 0.01
-0.00907254 0.04375
-0.0091357 0.08
-0.0012055 0.035
0.0240054 0.00125
0.0296709 0.0775
0.0214484 0.05625
0.0315668 0.01875
0.0218217 0.035
-0.027908 0.0175
-0.0216582 0.0525
-0.0197011 0.0175
-0.012413 0.005
-0.0405884 0.0875
-0.0416029 0.02875
-0.0388948 0.0175
-0.0258378 0.05875
-0.0271916 0.01875
-0.0594465 0.02
-0.0170503 0.15375
-0.0111751 0.01375
0.0120633 0.01125
0.00816157 0.01625
0.0140732 0.01125
0.0220453 0.1375
-0.00756108 0.045
-0.0424954 0.01875
-0.0357802 0.03375
-0.0109284 0.0225
-0.000836937 0.05125
-7.97542e-05 0.0725
0.0538273 0.06125
0.0389842 0.1025
0.0223633 0.10625
0.00396054 0.0675
-0.00611947 0.09
0.0360278 0.13625
0.0161143 0.11625
0.0112823 0.095
-0.00982518 0.015
-0.0357319 0.04125
-0.04319 0.0125
-0.0393904 0.03375
-0.0171763 0.0275
-0.0104092 0
0.001737 0.00125
0.00580484 0.00375
0.0103322 0.0375
0.0367503 0.1075
0.0157979 0.09125
0.00128823 0.1
0.0474803 0.0325
0.0216459 0.04375
0.0320092 0.01375
0.0526696 0.13625
0.0630786 0.08625
0.0146583 0.15
0.0179815 0.1025
-0.0155273 0.0175
0.021541 0.1
-0.00251133 0.07375
-0.00974349 0.02375
-0.0154911 0.02
-0.0185001 0.0725
-0.0134948 0.03375
-0.0238779 0.0375
-0.00536246 0.05625
-0.0106757 0.0825
-0.0259788 0.07
-0.0456879 0.0575
-0.0406677 0.01125
-0.0179888 0.07625
0.000417262 0.10875
0.0297089 0.015
0.0210271 0.09875
-0.00877089 0.0325
-0.01204 0.025
-0.0169786 0.00625
-0.00341475 0.0425
-0.0315282 0.005
-0.0263972 0.0075
0.00141614 0.02
0.00893291 0.05625
-0.00184583 0.04875
-0.0168707 0.1
-0.00931264 0.0775
0.0111824 0.0425
0.0370905 0.075
0.0301276 0.005
-0.00874041 0.07125
-0.031802 0.0875
-0.00180533 0.0225
0.000422754 0.04625
-0.01871 0.05125
-0.00830838 0.01125
0.00473427 0.03
0.0091605 0.0075
0.0250072 0.0075
0.00404066 0.05375
-0.0162645 0.04375
-0.0147156 0.01375
0.00408383 0.04125
0.0462618 0.05125
0.0090009 0.05125
-0.00773739 0.0725
0.00610007 0.02625
-0.00282097 0.02875
0.0140465 0.13
0.00605219 0.11
0.0325157 0.1
0.0243073 0.04375
-0.0363962 0.03375
-0.0182198 0.06375
-0.0142297 0.0225
0.00472085 0.0975
-0.00553784 0.11625
0.00536774 0.11
-0.00123998 0.05375
0.0090182 0.09125
0.0230275 0.09125
0.0175865 0.0225
-0.00800628 0.1075
-0.00570561 0.035
-0.0013713 0.015
0.0144154 0.015
0.0188133 0.06
-0.0153064 0.0175
-0.0361563 0.035
-0.0483852 0.01625
-0.0194163 0.05375
-0.0129041 0.08625
-0.0376147 0.0375
-0.0271036 0.06375
-0.0326385 0.06375
-0.0200488 0.0625
-0.0353577 0.03125
-0.0271549 0.10375
0.00122935 0.03
0.0023419 0.02125
-0.0031611 0.05
-0.0113099 0.0125
0.00387194 0.02125
0.00951988 0.02125
0.0487899 0.115
0.00593053 0.02875
-0.0320001 0.0025
-0.0237028 0.02625
-0.0132652 0.04
-0.0239189 0.07125
-0.0149767 0.0775
-0.010556 0.00625
-0.0191365 0.00625
0.0160548 0.10625
0.00206743 0.09375
-0.0277439 0.0125
-0.00617924 0.01875
-0.0147066 0.0075
-0.00588384 0.05875
0.00820403 0.0425
0.00931646 0.00375
-0.0168646 0.0825
0.0177714 0.1725
-0.00722936 0.0975
-0.0170183 0.03125
-0.0252969 0.16
-0.0553057 0.06625
-0.00775134 0.0075
0.0209505 0.09625
0.0205143 0.06875
-0.0101867 0.04
-0.00730463 0.095
-0.00822277 0.01625
0.0138442 0.025
0.0169275 0.0875
-0.000895608 0.1025
-0.00486326 0.00125
0.00134027 0.0125
0.00114448 0.04125
-0.00837721 0.025
-0.0121034 0.0975
-0.0244624 0.075
-0.0365905 0.035
-0.0182504 0.0525
-0.0405791 0.02625
-0.0285484 0.0075
-0.0272304 0.0525
-0.00472112 0.0625
-0.0180397 0.07125
0.00695865 0.02375
0.016152 0.09625
-0.00701217 0.1125
0.0155568 0.05375
0.0332015 0.12875
0.0219653 0.11875
-0.00267634 0.09875
0.00427783 0.0925
0.0180649 0.07
0.0153841 0.08875
0.0131517 0.05375
0.00753782 0.035
0.0123073 0.08375
0.0164614 0.11875
0.0110709 0.2075
-0.0112317 0.05625
-0.0245112 0.02875
0.00150721 0.015
0.00501207 0.03625
0.0137232 0.09875
0.000256606 0.15625
-0.0107018 0.1
-0.000224259 0.1325
0.00694156 0.2925
0.00966551 0.1925
0.0121639 0.09125
0.00929797 0.04
-0.0169812 0.01
-0.0277929 0.04125
-0.013295 0.12625
0.00251424 0.03875
-0.0179734 0.04875
0.00883822 0.17875
0.027975 0.18375
0.0108714 0.115
0.0201417 0.01125
-0.0205174 0.01625
-0.0472535 0.0075
-0.0607028 0.00375
-0.0503791 0.01625
-0.0398061 0.03125
0.00493487 0.12375
-0.0106215 0.09625
-0.0327326 0.04625
-0.026037 0
-0.0291626 0.00125
-0.00719246 0.00875
-0.0232823 0.095
-0.0225924 0.00625
-0.0256229 0.0275
-0.029986 0.02
-0.00902166 0.02125
-0.00623549 0.05
-0.000536212 0.07625
0.0181427 0.05125
0.0460378 0.06625
0.021432 0.0475
0.0245148 0.0775
0.0167596 0.1075
-0.00226479 0.13875
0.00149259 0.035
0.0360116 0.0625
0.00035115 0.1325
-0.00281627 0.04625
0.00497181 0.11625
0.00135948 0.07375
-0.0162684 0.035
-0.0354519 0.0175
-0.0168765 0.07875
-0.00421065 0.01875
-0.0339882 0.05
-0.0107097 0.10125
-0.00128765 0.1
-0.0259976 0.09875
-0.0229232 0
-0.0170822 0.0175
-0.0118612 0.05875
-0.00980251 0.0225
-0.00580576 0.0425
0.0182127 0.02625
0.00773377 0.065
-0.00481468 0.03875
-0.00332274 0.05375
-0.00915066 0.07375
-0.000144326 0.01625
-0.0140533 0.09375
-0.0203835 0.075
0.0177187 0.04625
-0.000862208 0.0125
-0.00934319 0.02
0.0241115 0.07125
0.020461 0.005
-0.000882198 0.06875
-0.0221127 0.15125
-0.0394603 0.13375
-0.044179 0.1875
-0.0518258 0.02
-0.0246907 0.02625
0.00741753 0.05
0.00249867 0.14375
0.0181597 0.2075
0.0333527 0.2075
0.0268789 0.205
-0.0067965 0.14125
-0.0396978 0.07875
-0.0307317 0.04875
-0.000689063 0.1675
-0.0186633 0.19375
0.00351039 0.16625
-0.0133249 0.11625
0.00850035 0.0975
0.0165144 0.05125
-0.00869435 0.07
0.013421 0.1075
0.00925417 0.075
0.0501872 0.03875
0.00423545 0.08
-0.000170137 0.02375
0.00871252 0.0325
0.0318466 0.06625
0.00475983 0.09875
-0.0233068 0.0725
-0.017567 0.01375
0.0130271 0.09875
0.0347715 0.13375
0.00487143 0.1175
-0.0410172 0.04875
-0.0112866 0.03625
0.0183408 0.14
-0.00180191 0.085
0.00736678 0.11
0.0286595 0.07125
0.011495 0.15625
-0.0237177 0.085
-0.00559165 0.11
-0.0375854 0.1
-0.0492819 0.02
-0.045402 0.1
0.0157527 0.16125
0.0300656 0.12875
-0.0067633 0.1125
0.00413408 0.11375
-0.0156831 0.1
-0.0103526 0.01875
-0.0137918 0.02125
-0.00641971 0.0125
-0.00780933 0.03375
0.0277702 0.02875
0.0372775 0.09125
0.00716521 0.0425
-0.00732343 0.00375
0.00610539 0.01
-0.0301746 0.01375
-0.0259907 0.0225
-0.0473948 0.06625
-0.0148337 0.17375
-0.0346699 0.03375
-0.0165132 0.04375
0.0121133 0.06125
-0.00800105 0.04
-0.00663025 0.03625
-0.0347836 0.03125
0.0103355 0.03375
0.0263912 0.04375
0.00527004 0.03
-0.0217042 0.01625
-0.010987 0.05
-0.00327592 0.0425
-0.0333736 0.005
-0.00133537 0.04125
-0.00349052 0.00625
-0.0111399 0.08125
0.0455052 0.08375
0.0141945 0.01875
-0.018563 0.06875
0.00754764 0.07125
-0.00496356 0.1
-0.0348392 0.0225
-0.0350815 0.03125
-0.00507361 0.11125
0.0244333 0.1625
0.0550868 0.07125
0.0335996 0.1125
0.0190222 0.03875
0.051193 0.02125
0.0409527 0.0125
0.0234644 0.1075
0.00595365 0.11375
-0.0208749 0.0175
-0.0245768 0.00625
0.00381957 0.01875
0.00284514 0.04125
0.0206164 0.05875
0.017056 0.02
0.0107583 0.06375
0.019877 0.1075
-0.0040692 0.08125
-0.0175367 0.0925
-0.00898627 0.07875
0.00524884 0.01625
0.00200702 0.08375
0.0208002 0.045
0.0228759 0.14375
0.0325847 0.05125
0.0542038 0.075
0.00159297 0.02
-0.00711193 0.01
0.0162082 0.03375
-0.00400608 0.00125
-0.0326113 0.0475
-0.0146681 0.06125
-0.0197723 0.01625
-0.0107072 0.05125
0.00586356 0.075
-0.00981201 0.01625
0.0107743 0.12375
-0.037286 0.085
-0.0172668 0.07375
-0.017566 0.0075
-0.0422999 0.06375
-0.00868008 0.035
-0.0399323 0.10375
0.0244499 0.16625
0.0112306 0.0125
-0.0195795 0.00375
0.0113286 0.01875
0.0365595 0.07625
0.0396262 0.06125
0.0676992 0.12875
-0.0103072 0.00125
-0.00568711 0.01125
0.00626909 0.0825
0.0117158 0.035
0.00982363 0.10125
-0.00411084 0.05375
0.0266831 0.0275
0.0171334 0.0625
0.0406571 0.12375
0.0184087 0.1475
0.0258274 0.11875
-0.0186342 0.14
-0.034863 0.09875
-0.00550301 0.11375
0.0101622 0.0875
0.0148013 0.125
0.00251009 0.14375
0.0116318 0.12375
-0.00579445 0.05125
-0.0070229 0.07875
-0.00289404 0.05875
0.024345 0.08125
0.0374736 0.1025
0.0370624 0.05875
-0.025319 0.0325
-0.00308301 0.09
0.0216502 0.10875
0.00511313 0.03875
0.0318781 0.0275
0.0090404 0.04
0.0325792 0.0625
0.00519484 0.0125
-0.0451172 0.0125
-0.0281407 0.035
-0.0272126 0.02
-0.00730205 0.035
0.00417365 0.07
0.0136772 0.03125
0.0281828 0.01625
0.00975886 0.015
-0.00865797 0.06625
0.0221205 0.02
0.0152175 0.0375
-0.00195881 0.05875
0.0087995 0.03
0.00807573 0.0475
-0.0155163 0.02625
0.00445572 0.02
0.0424913 0.0975
0.0245083 0.11
-0.00162653 0.06125
-0.0287338 0.05625
-0.00975475 0.02
-0.0148369 0.0675
0.0481793 0.00375
0.00517614 0.0775
-0.0159925 0.08125
-0.0156177 0.09875
-0.040142 0.07875
-0.0391524 0.01375
-0.0533178 0.01
-0.050894 0.00375
0.00377258 0.05375
-0.00417725 0.1225
-0.0124485 0.0625
0.027195 0.03
0.00401379 0.0025
0.0129134 0.07875
1.52201e-05 0.01125
-0.00703504 0.08875
-0.00715021 0.02375
0.000968842 0.055
0.00347107 0.02
0.0336976 0.0925
0.0468906 0.03125
0.00536146 0.02125
-0.00564283 0.07
-0.0233 0.01125
0.00365056 0.03125
-0.0274922 0.02875
-0.0263486 0.08375
-0.00409352 0.13
0.00277032 0.04875
-0.00785642 0.035
-0.0153376 0.00875
0.0008675 0.00625
0.0177238 0.0325
0.00744868 0.005
-0.0042597 0.04125
-0.0212913 0.01125
0.00524361 0.0475
0.00506947 0.02
0.02479 0.1
-0.00947776 0.08125
0.0100679 0.08875
0.0160832 0.05125
0.0143405 0.07625
0.0123426 0.1075
-0.00511576 0.045
-0.00812719 0.025
-0.0147511 0.0725
0.0127664 0.0725
-0.00317827 0.02125
0.0233954 0.0425
-0.00251677 0.05375
0.0145929 0.05125
0.0432299 0.1475
0.0118095 0.07125
0.00635534 0.13875
0.0098495 0.18625
-0.0110037 0.03
0.0179701 0.01125
-0.0150737 0.00375
-0.00918443 0.01
0.0281032 0.10875
0.018258 0.025
0.00909814 0.035
0.0056438 0.06375
0.0244342 0.0575
0.0626602 0.01125
0.0467828 0.01
-0.0094263 0.04
-0.00284579 0.0225
0.0388916 0.03625
0.0383105 0.0025
0.0161949 0.0175
0.018127 0.05375
-0.00604932 0.05
-0.00689998 0.0325
-0.00925935 0.04375
0.0011068 0.07625
-0.0143793 0.07
0.025635 0.04625
0.0291939 0.14125
0.0149812 0.17625
0.0144767 0.1025
-0.0210434 0.01625
-0.0386746 0.0125
-0.0257707 0
-0.0250374 0.0675
0.0116611 0.1
0.00117495 0.07
-0.010563 0.06
0.0124367 0.07875
0.00373649 0.0025
-0.0124841 0.05125
-0.0365549 0.00625
0.00621126 0.02
-0.0024215 0.065
-0.0228948 0.0025
-0.00104544 0.09
-0.0223388 0.0325
-0.00992683 0.10375
0.0190372 0.0375
0.030141 0.05625
-0.00650736 0.01375
0.0075231 0.015
0.0100705 0.02
-0.0105015 0.04875
-0.0173854 0.025
-0.00725489 0.02875
-0.0231618 0.01375
-0.0230302 0.05625
-0.0155948 0.01375
-0.0104266 0.03625
-0.0064967 0.06625
0.0104092 0.00875
0.0382887 0.15875
0.00699613 0.07875
-0.0327638 0.0575
-0.017565 0.01625
-0.0506158 0.02875
0.00734276 0.00625
0.0268596 0.1075
0.0214046 0.02375
0.0370576 0.09125
0.0163655 0.05
4.87721e-05 0.04
-0.0257747 0.03
-0.0343946 0.0425
-0.0331926 0.005
-0.00156707 0.04875
0.0235169 0.14875
0.0288034 0.09125
0.00609307 0.03625
0.00178533 0.00625
-0.0200862 0.07125
-0.033475 0.05125
0.00423498 0.05875
-0.020349 0.085
-0.0157524 0.075
0.0363315 0.03875
0.0384042 0.12875
0.0343259 0.0975
0.00628366 0.055
-0.0502012 0.0225
-0.0410416 0.05375
-0.0419049 0.05
-0.0305106 0.05625
0.0111188 0.00875
0.0111064 0.04625
0.0317316 0.02375
-0.00916012 0.05125
-0.0226085 0.01
-0.0129109 0.0325
-0.0344128 0.0375
-0.0148205 0.1075
-0.0350487 0.0425
-0.0375444 0.05625
-0.0124873 0.0175
0.0423041 0.015
0.0108377 0.035
0.0200175 0.035
0.0231087 0.06375
-0.00827201 0.04625
-0.0212715 0.0975
0.00172479 0.11125
0.0059103 0.06875
-0.026312 0.1125
-0.0367324 0.015
-0.0162985 0.05625
-0.0476896 0.11
-0.0690292 0.0175
-0.02493 0.0325
-0.0358149 0.1025
0.0124219 0.0325
-0.000314777 0.0175
-0.0273288 0.00375
0.00416358 0.0425
0.00191736 0.00875
-0.0168414 0.00625
-0.0157764 0.0275
-0.0222695 0.0425
0.0271283 0.0875
0.00988532 0.145
-0.0015021 0.02625
0.00516088 0.11625
-0.0170539 0.0325
0.00144748 0.1175
-0.0101408 0.0625
-0.0048562 0.06625
0.0120843 0.12125
-0.0127213 0.06375
-0.00317031 0.04375
-0.0161605 0.04625
-0.0173149 0.08
-0.033338 0.0775
-0.0448018 0.08625
-0.0543457 0.02375
-0.0179719 0.0425
-0.00696789 0.03125
-0.0485417 0.06875
-0.0694691 0.05875
-0.0715528 0.01625
-0.0233583 0.10125
-0.0397724 0.06875
-0.0234191 0.0425
-0.0180591 0.01625
0.00832614 0.09625
-0.00699396 0.01375
0.00332023 0.07
-0.0133934 0.0125
0.00543366 0.03375
-0.0244488 0.01625
-0.0273438 0.045
-0.0379451 0.13125
-0.0151085 0.0425
-0.0304854 0.00875
0.00456891 0.02625
0.00744593 0.08
0.00797653 0.08125
0.00544655 0.04625
0.0220059 0.0625
0.00382387 0.0625
-0.0168776 0.08625
-0.010908 0.0125
-0.0353062 0.07875
-0.0235409 0.07625
-0.008857 0.00125
-0.00324453 0.02125
-0.00618718 0.0525
0.00438048 0.05625
-0.0145504 0.03625
0.0204501 0.015
-0.0586876 0.02625
-0.0423646 0.02625
-0.0200128 0.02125
0.00403473 0.01125
0.0273219 0.0825
0.0169619 0.05875
0.0255057 0.06375
-0.0285291 0.0975
0.0224632 0.06375
0.0075494 0.075
-0.0180486 0.07375
-0.0268295 0.0525
-0.00323864 0.00375
-0.0529311 0.01
0.00458041 0.01375
0.0124616 0.00125
0.00251994 0.09375
0.0044913 0.1425
0.0150429 0.0375
0.0266215 0.02375
0.0190459 0.09375
-0.00748096 0.0925
-0.0240998 0.03375
0.00190072 0.04125
-0.00700042 0.08375
-0.00684434 0.00875
-0.0224614 0.07625
-0.0116907 0.1575
-0.00548885 0.02125
0.00755674 0.03125
-0.0233324 0.00125
-0.0242783 0.095
-0.0353106 0.15125
-0.0180646 0.0425
-0.00429001 0.0525
0.00305717 0.00875
0.0260212 0.06375
0.0473129 0.095
0.0453924 0.05
-0.00977169 0.035
-0.00635793 0.04125
0.00948852 0.065
-0.023107 0.02375
-0.0309326 0.03375
-0.079221 0.01125
-0.0329232 0.0425
-0.0235047 0.05375
-0.0203424 0.0075
0.00185786 0.0025
-0.0159875 0.04375
0.0198758 0.09625
0.0533784 0.09125
0.0213799 0.035
0.0313608 0.025
0.00344108 0.005
0.00207419 0.02125
-0.000494435 0.02
-0.00231907 0.02125
-0.0232384 0.08
0.00359811 0.1225
0.00934913 0.155
0.00718627 0.1175
-0.00493215 0.05375
-0.0475878 0
-0.0460631 0.04875
-0.0388051 0.0675
-0.0114191 0.01125
0.0100341 0.11875
-0.0176737 0.05875
0.00595608 0.07375
0.00303713 0.03
0.0236427 0.01125
0.0280805 0.09
0.0102135 0.12
-0.0223999 0.0625
-0.0278067 0.06875
-0.0163804 0.055
0.00665902 0.13
0.000629277 0.01
-0.0102849 0.00625
0.0249825 0.1075
0.00778995 0.0325
0.0194512 0.07625
0.0380119 0.02625
0.013131 0.015
0.0303939 0.0825
0.00854244 0.0825
0.0172603 0.03
0.0163102 0.13375
0.0226899 0.125
0.0165922 0.065
-0.00745916 0.06
-0.0373863 0.02625
0.0104215 0.06
0.0297758 0.10375
-0.0017869 0.0075
0.0232467 0.07
-0.0123893 0.0625
-0.0173222 0.0175
-0.0091712 0.07625
-0.00674001 0.125
0.0167601 0.01375
0.0383776 0.14875
0.0358119 0.06125
0.0118108 0.0125
0.0283744 0.06
0.0545468 0.09125
0.00697588 0.04625
0.00280467 0.06
-0.0499774 0.02625
-0.00720855 0.0625
-0.0122097 0.095
-0.0090398 0.095
-0.0222517 0.05625
-0.0296621 0.00125
-0.0246794 0.01625
-0.0421479 0.015
0.024015 0.03
0.0415954 0.0975
0.0122031 0.06375
-0.0380544 0.0875
-0.0231858 0.1125
-0.0155862 0.05625
-0.0246565 0.04625
-0.0274031 0.10125
0.0109866 0.11
0.0163875 0.0275
-0.0380036 0.00875
-0.00781116 0.00375
-0.0171557 0.035
-0.0120824 0.135
-0.00550889 0.17125
-0.00245912 0.095
-0.0113763 0.015
0.0352584 0.05375
0.0427169 0.04
0.0380745 0.01375
0.0307519 0.03375
0.0361845 0.06
0.0319766 0.06125
-0.0158192 0.1075
-0.0120462 0.01375
0.0296377 0.08125
0.0595955 0.08875
0.015301 0.15375
0.0220612 0.05875
0.0130799 0.07125
-0.00550324 0.02875
-0.0180828 0.0225
-0.0390549 0.075
-0.0255473 0.00875
0.00198278 0.00125
-0.0189629 0.005
-0.00396769 0.14875
0.0269303 0.115
0.0239383 0.0725
0.0211199 0.045
0.0260153 0.05
0.029286 0.03875
0.0208531 0.00375
0.0180019 0.02125
0.0301327 0.09
0.0253845 0.12
0.000922881 0.1475
-0.0158118 0.05625
-0.0177298 0.095
-0.0112645 0.05125
0.00716451 0.10125
0.0271567 0.13
-0.0149618 0.08
-0.00165318 0.0975
0.00391436 0.05875
0.026312 0.12
0.0378315 0.06625
0.0548802 0.0375
0.0343433 0.04375
0.00255862 0.00875
0.0106388 0.05625
-0.00869836 0.04875
-0.0127107 0.05
0.00551096 0.0125
0.0457193 0.12
0.0328079 0.07
0.0233762 0.005
0.0190146 0.015
-0.0137184 0.03125
-0.00828199 0.005
0.0265712 0.06625
-0.0149801 0.04625
-0.00989196 0.06375
-0.0203566 0.00125
-0.0292485 0.005
-0.0156373 0.00375
-0.00547603 0.06
-0.0171291 0.10375
0.0196764 0.07875
0.00661126 0.01875
0.0331521 0.0275
0.0302676 0.02125
0.0677561 0.15625
0.0141734 0.08875
0.0149667 0.00375
0.0109663 0.0175
-0.00807259 0.0125
-0.0277843 0.07875
-0.0292211 0.05125
0.0116433 0.06375
0.0507888 0.05125
0.0525299 0.0525
0.0299198 0.0125
0.00877352 0.0525
0.0278637 0.06625
0.0295349 0.075
0.00486435 0.1075
-0.0162889 0.00375
-0.00503673 0.07875
-0.0218314 0.045
-0.064158 0.0325
-0.0559792 0.00625
-0.00038965 0.01625
0.0429965 0.0975
0.0311154 0.0325
0.0231423 0.085
0.00758844 0.095
0.0361695 0.12625
0.0224129 0.14625
0.0135126 0.1
0.0122547 0.08375
0.0241905 0.07125
0.0421152 0.105
0.0185113 0.00375
-0.0281544 0.08125
-0.0162799 0.0075
-0.0363297 0.01125
-0.0306563 0.05875
-0.0478694 0.0025
0.000652307 0.04125
-0.0122911 0.03
-0.0177861 0.015
0.0167285 0.0025
-0.00529457 0.02
0.0141119 0.03875
-0.0336713 0.03375
-0.0291117 0.02375
-0.00823262 0.05375
-0.000897627 0.025
-0.00474003 0.03125
-0.00219058 0.00875
0.0137572 0.02125
0.0157885 0.09375
0.0177324 0.01125
0.0230227 0.1275
0.0404065 0.04875
0.0104485 0.03125
-0.0302973 0.0325
-0.0235432 0.02125
0.0243784 0.0325
0.00747457 0.07
0.0267652 0.02
0.0308393 0.065
-0.0149591 0.0575
-0.0104139 0.08625
0.0318281 0.1375
0.0210756 0.095
0.0129988 0.01625
0.0467631 0.1725
0.0331372 0.17625
0.0394988 0.14625
0.0269354 0.14375
0.0387961 0.08625
-0.0034943 0.09125
-0.0131746 0.0275
0.0191467 0.04
-0.0307127 0.02125
-0.00126331 0.02875
-0.0151484 0.07375
-0.0151397 0
0.0123243 0.02
0.0323889 0.095
0.0128072 0.22
0.0245963 0.1275
0.00425936 0.12375
0.0128719 0.05875
0.0137314 0.0425
-0.00906191 0.02375
0.00044678 0.05125
0.0222111 0.05875
-0.00576334 0.07625
-0.0169148 0.11875
-0.0232191 0.03375
-6.99805e-05 0.0375
0.0058526 0.06625
0.0332914 0.01625
0.0142148 0.0375
-0.0172915 0.02125
-0.00751894 0.0375
-0.0117813 0.00625
0.0134783 0.09
-0.0207424 0.02125
-0.0511889 0.045
-0.0258801 0.02125
0.0157707 0.12
0.00609983 0.1725
0.0139606 0.0275
-0.00597299 0.03
-0.00623122 0.0575
0.0207927 0.04375
-0.0118816 0.05875
0.0184032 0.04
-0.0279372 0.13375
0.00161193 0.015
-0.0130702 0.0475
-0.0225793 0.10125
-0.0449007 0.0025
-0.0157959 0.07375
-0.00138352 0.13875
-0.0231513 0.01
0.0101509 0.06375
0.0170211 0.03
-0.0244318 0.0275
-0.0152932 0.03125
0.00690205 0.0075
-0.0426607 0.0525
-0.0183087 0.03125
0.00140253 0.125
-0.0191779 0.1075
0.00873208 0.07875
0.0262103 0.085
-0.0311318 0.00625
0.0513531 0.0225
0.0125999 0.03
0.0223966 0.14
-0.00134424 0.16375
-0.0153749 0.08625
0.0335136 0.075
0.0580096 0.17
0.056036 0.1375
0.0415351 0.04
0.0290609 0.04375
0.00274605 0.00875
0.029612 0.04
-0.0304944 0.01375
-0.0133624 0.01125
-0.0241815 0.00125
-0.0227206 0.04625
0.0115557 0.0275
-0.0196886 0.0275
-0.0338609 0.02875
0.0015182 0.02125
-0.0232268 0.00125
-0.0230591 0.0075
-0.0186584 0.005
0.051645 0.0625
0.0662468 0.15875
-0.0100173 0.07875
0.0402241 0.0325
-0.010539 0.07125
-0.00637467 0.04875
-0.0180072 0.0475
0.00373003 0.04
-0.0248741 0.0075
0.00435287 0.0625
-0.0126959 0.06375
-0.012528 0.01125
-0.0461861 0.03375
-0.0341449 0.05125
-0.0181472 0.01875
-0.0105084 0.04125
-0.0216751 0.04375
-0.0284101 0.07375
-0.0310706 0.07
-0.0474174 0.02875
-0.0110224 0.09
-0.015852 0.03
-0.0261819 0.00375
-0.027449 0.03
-0.0177216 0.04625
-0.00658183 0.015
-0.0356034 0.0325
-0.0579207 0.0475
-0.0273771 0.06125
-0.0113693 0.00875
-0.0264593 0.01
-0.036185 0.07375
-0.0373791 0.02
-0.0153187 0.01375
0.00319656 0.01625
-0.0177226 0.01875
-0.0461295 0.0325
-0.0211778 0.10875
-0.0451706 0.0975
0.00297684 0.09375
0.0041435 0.01125
-0.0286359 0.02375
-0.0713959 0.0225
-0.058917 0.01
-0.0279255 0.03125
0.00421968 0.015
0.0216212 0.07625
-0.0185676 0.01
0.0106824 0.06875
-0.00602841 0.06875
-0.0255055 0.0425
-0.0396779 0.0075
-0.0428828 0.09875
0.00186309 0.02375
0.0252622 0.04375
0.0052785 0.095
-0.00792761 0.0375
0.00815197 0.01125
0.0201711 0.095
4.55865e-05 0.065
-0.0133138 0.0375
-0.0288435 0.0025
0.000853028 0.0325
-0.0235372 0.03375
-0.00696512 0.02625
-0.0113441 0.07
0.0165817 0.09125
0.0277836 0.09125
0.0179242 0.09
0.0219899 0.06125
-0.00105402 0.0425
-0.0341342 0.02
-0.0447609 0.02625
-0.0372985 0.00375
-0.00629975 0.13
-0.0371839 0.07
-0.0470896 0.0175
-0.062265 0.00375
-0.0400213 0.02625
-0.0105454 0.0025
-0.00337407 0.00625
-0.0526186 0.0075
-0.0296483 0.065
-0.00711717 0.015
-0.0106586 0.03875
0.0430972 0.1575
0.037166 0.08125
0.0212718 0.11375
-0.0223278 0.05
0.0210165 0.07125
-0.0050951 0.04875
0.0266851 0.02875
0.0332678 0.15875
-0.00898992 0.10625
-0.0289654 0.02
-0.0304166 0
-0.0457159 0.135
0.017294 0.11125
0.00754205 0.07375
-0.00355681 0.00125
-0.0212731 0.035
0.0239944 0.0225
0.0164194 0.055
0.0161389 0.01375
0.000744374 0.03
0.00667037 0.085
0.013018 0.035
0.0129049 0.0425
0.00419312 0.07875
0.0136884 0.05
0.00163907 0.045
-0.00413411 0.02625
-0.0418011 0.03125
0.00323502 0.0475
0.0215441 0.05375
0.0348192 0.00625
0.0283884 0.02
0.0299426 0.06875
0.0427108 0.12
-0.000778747 0.03625
0.0278132 0.08125
0.0208901 0.19125
0.0160892 0.04875
0.0128994 0.07625
0.0230238 0.085
0.00993518 0.1075
0.0111378 0.04625
-0.0246763 0.03625
-0.027362 0.0275
-0.029802 0.055
-0.0336739 0.01
-0.0463798 0.01375
-0.042625 0.06875
-0.0293614 0.0125
0.00391386 0.02
-0.00593701 0.0175
0.00622976 0.05875
0.0140633 0.03375
0.0350079 0.0225
-0.0144968 0.07125
-0.0333826 0.04
-0.00880117 0.0975
-0.0115421 0.0525
-0.0139162 0.02375
0.0303631 0.0275
0.0654192 0.01125
0.016729 0.0525
-0.0141368 0.075
-0.0142349 0.10875
-0.00183867 0.03875
0.0134882 0.03625
-0.0100512 0.11
0.0264506 0.12375
0.00905784 0.085
0.0389217 0.05
0.00991626 0.0425
-0.0051519 0.05375
0.0168793 0.12375
0.0291162 0.185
0.00478963 0.17875
0.0264424 0.1
0.0361414 0.13375
-0.0038896 0.105
-0.00493987 0.0075
0.00639919 0.05625
0.0453636 0.105
0.0312406 0.08
0.0126146 0.0625
0.0249287 0.06
0.0151213 0.09
0.0467587 0.075
-0.00154803 0.03375
-0.00227774 0.00625
0.0603323 0.00125
-0.0163747 0.01
0.022068 0.08125
0.036872 0.06625
0.0159724 0.02
-0.00731596 0.05625
0.0098178 0.0575
-0.0274213 0.0575
-0.0539942 0.04875
-0.0183805 0.0075
0.0051666 0.05625
-0.0203153 0
-0.0176937 0.03
0.021251 0.01
0.00696675 0.02375
-0.0140773 0.0575
0.011681 0.06125
0.00368899 0.03625
-0.0352703 0.065
-0.00139763 0.02875
-0.00160075 0.00625
0.0106773 0.05875
0.0253545 0.0525
0.0399112 0.10375
0.0181071 0.1
-0.0113402 0.07875
-0.0167628 0.02
-0.015284 0.01125
0.0353658 0.0025
0.0151161 0.06625
0.00237837 0.00875
-0.00889475 0.045
0.00129057 0.06375
-0.00308505 0.03125
0.0312654 0.09
0.0115345 0.09875
-0.0193255 0.05
-0.0040497 0.035
0.0194146 0.01875
-0.0063945 0.1
0.022434 0.03125
-0.00219869 0.08625
0.014242 0.08125
0.0236297 0.09
0.026642 0.08375
2.44586e-06 0.07125
-0.0238648 0.03
-0.0403873 0.02
-0.0200786 0.00375
-0.00401534 0.05875
0.0270811 0.04375
0.0535604 0.2
0.0166173 0.13125
-0.00683381 0.03125
0.0232946 0.03125
-0.00950305 0.16
-0.039714 0.1075
-0.0671042 0.00875
-0.0466212 0.05
-0.0193486 0.05
-0.0308679 0.0725
0.00143267 0.135
0.0114045 0.0425
0.00796518 0.135
-0.022158 0.11125
0.00288033 0.07125
0.0132678 0.07125
0.0143383 0.0425
0.0674447 0.05125
0.0860546 0.0625
0.0285066 0.05625
0.057101 0.0775
0.0179836 0.0925
-0.00515707 0.0975
-0.0556304 0.00125
-0.0297927 0.0825
-0.0137544 0.06625
-0.033892 0.06
-0.0130797 0.015
0.0163762 0.10875
0.0286817 0.08375
0.0491726 0.08
0.0343756 0.0875
0.00608535 0.03
0.006771 0.0075
0.0411372 0.0125
0.0449501 0.02
0.0462424 0.1175
0.0167969 0.125
-0.0208727 0.0225
-0.0179968 0.02375
-0.0252423 0.00125
0.0401658 0.0575
0.0304534 0.0725
-0.0145469 0.09375
-0.0221357 0.06125
0.00916868 0.0275
0.0391879 0.05625
0.0352389 0.0925
0.00559026 0.005
0.0103386 0.0125
-0.000107897 0.14
-0.0347651 0.08
0.00751979 0.16625
0.00369718 0.14375
0.0347488 0.22
-0.012803 0.06375
-0.00470629 0.03
-0.0204114 0.01375
-0.00516867 0.01875
0.0110506 0.045
0.0196557 0.06375
-0.00727605 0.04875
-0.00915904 0.10625
-0.0252745 0.05875
0.00395392 0.1475
0.0115957 0.10875
0.0188653 0.0825
0.0215144 0.06375
0.0191085 0.0225
0.0431675 0.13125
0.0300921 0.0375
0.0130387 0.12625
0.0174628 0.06625
0.0436189 0.045
-0.000906945 0.01375
-0.0163335 0.04875
0.000586641 0.11
0.0167618 0.0225
0.0427565 0.0325
0.0305365 0.03625
-0.0117082 0.07
-0.0278394 0.01875
0.0118123 0.075
0.006534 0.06625
0.0142653 0.07375
-0.0116333 0.01625
-0.0254802 0.00125
-0.0347803 0.00625
-0.0229348 0.06625
0.0100323 0.02
0.00416637 0.0975
-0.0213546 0
0.0365936 0.09125
0.0430184 0.01375
0.0601767 0.01875
0.0107987 0.04125
0.0782176 0.1225
0.108807 0.21
0.0751882 0.10125
0.0789125 0.10125
0.0500467 0.05875
0.0263072 0.03125
-0.00931428 0.04625
-0.0167659 0.01875
-0.00211972 0.03625
-0.0193675 0.02625
0.00919929 0.18125
-0.00465461 0.19875
0.0526595 0.15875
0.0449047 0.10375
0.0568189 0.1375
0.0145694 0.0475
0.0100817 0.00625
-0.00190259 0.07625
0.00667965 0.00625
-0.0081739 0.03875
0.0144533 0.04625
0.0681476 0.085
0.0318356 0.1075
-0.0180885 0.0675
-0.0104087 0.03375
0.0287279 0.09375
-0.0140417 0.01125
-0.00945719 0.08125
-0.043898 0.0625
-0.0317418 0.0675
-0.0793925 0.03375
-0.0524428 0.005
0.0578772 0.0475
0.00489971 0.01125
-0.0374824 0.03
0.00380883 0.08
-0.0793458 0.06375
-0.0379791 0.01625
-0.0603506 0.01875
-0.0335582 0.0125
0.0243218 0.11
0.0550758 0.11125
0.068446 0.0475
0.00774888 0.03
-0.00601857 0.0625
0.00851008 0.01875
-0.0504337 0.10375
-0.0430156 0.0425
-0.0309326 0.0025
0.00146659 0.0675
0.0377769 0.09125
0.0337975 0.0675
-0.00884719 0.04
0.0125648 0.06375
-0.0349892 0.01375
0.0182345 0.06875
0.0137338 0.08125
-0.0363436 0.02
-0.0255832 0.04
-0.033958 0.01125
0.0051437 0.015
0.0128106 0.06875
-0.0269874 0.02625
-0.0128412 0.01375
-0.0116863 0.06125
0.0347562 0.06125
0.0436845 0.065
0.033566 0.01375
-0.00321372 0.0675
0.0128294 0.045
0.00900036 0.1125
-0.000945245 0.11
0.00522885 0.01375
-0.0320832 0.05125
0.0220977 0.045
-0.0697567 0.00375
-0.00797847 0.07625
-0.00237322 0.14625
-0.0431244 0.07125
0.0241474 0.08625
-0.0275009 0.1325
-0.0858619 0.00375
-0.0545664 0.00625
-0.0142063 0.01
0.0415377 0.05
0.00146432 0.06375
-0.0455617 0.125
-0.00610433 0.07875
-0.0286093 0.0775
-0.0312084 0.0125
-0.00489725 0.02875
-0.0544286 0.0625
-0.0438022 0.0225
-0.0238372 0.015
-0.0669417 0.1175
-0.0580303 0.00625
-0.0391476 0.0125
0.028955 0.0425
0.021926 0.0725
-0.00178869 0.005
-0.0120217 0.07875
-0.0031132 0.0375
-0.0235057 0.015
0.0116396 0.105
-0.0120381 0.0925
-0.054278 0.0375
-0.0209068 0.00125
0.0101561 0.05625
0.00491249 0.065
-0.013317 0.12125
0.0130877 0.03875
0.013357 0.0675
-0.00465407 0.015
-0.0167181 0.02125
-0.0551099 0.0375
-0.0501046 0
0.0050345 0.03875
0.00675207 0.08375
-0.00189476 0.0575
-0.0214872 0.11125
-0.00773741 0.03875
0.0135352 0.05875
0.0295532 0.0325
0.0351422 0.07375
0.0161323 0.0725
-0.011997 0.0625
0.00390113 0.0525
0.0281476 0.07375
0.0129131 0.06875
-0.0137513 0.055
0.0279676 0.13875
0.0239371 0.09
-0.0048083 0.00625
-0.0278937 0.02625
-0.0116366 0.00875
-0.00950499 0.0075
0.0397937 0.025
-0.015382 0.06625
-0.0350107 0.01375
-0.0460894 0.05625
-0.0543755 0.0575
-0.033566 0.02375
-0.0191551 0.0325
-0.00190666 0.09625
-0.00611784 0.0525
-0.0216845 0.0525
-0.0320687 0.02125
-0.037951 0.0025
-0.0345071 0.0075
-0.00746372 0.0125
0.0124608 0.0075
0.0467243 0.1075
0.0147668 0.12
-0.00922245 0.0425
0.00271245 0.03
0.00230364 0.0175
0.00590744 0.02875
0.000446238 0.06375
0.00918666 0.12125
-0.0018078 0.0425
0.0838961 0.12625
0.00893384 0.05875
-0.0254065 0.0325
-0.0099461 0.00375
-0.0421872 0.025
-0.00783582 0.02
0.0205121 0.02625
-0.0361754 0.01375
-0.0136926 0.035
0.0479812 0.005
-0.0128881 0.04125
-0.033089 0.0325
-0.0122825 0.055
-0.0337639 0.00875
-0.038719 0.095
-0.0725386 0.03375
0.00275008 0.12125
-0.0240642 0.09
0.00115557 0.005
0.0262459 0.10125
0.00228295 0.13375
0.0154917 0.0125
-0.00741934 0.04125
-0.0519827 0.1425
-0.0618127 0.0075
-0.0241867 0.00375
0.00162601 0.08125
0.0203612 0.00125
-0.0259668 0.025
0.00832629 0.06
0.00339847 0.06125
0.0256603 0.025
-0.0319336 0.025
-0.0114712 0.03125
0.0269972 0.0775
-0.028605 0.05375
-0.0276269 0.04375
0.0103826 0.0625
0.0167523 0.0675
-0.0279502 0.045
-0.00897583 0.02375
0.000799122 0.005
-0.000525579 0.0375
-0.0202871 0.02875
-0.0350059 0.0675
0.00995727 0.035
-0.00962756 0.04875
-0.0296853 0.065
-0.0286112 0.04125
-0.0341034 0.0875
0.00709712 0.05
0.00282585 0.05375
0.016945 0.0725
0.00468922 0.10125
-0.0330408 0.07125
-0.00812893 0.04125
0.032539 0.0525
0.0329356 0.04125
0.0705463 0.08875
0.0254025 0.05
-0.00191005 0.02375
0.0318478 0.0075
-0.0205134 0.00625
-0.00510683 0.1325
0.00245478 0.19125
0.0148012 0.1875
0.0391296 0.09625
0.0397752 0.115
0.0115422 0.0875
0.018414 0.065
0.00295609 0.00125
0.0325576 0.08125
0.0101667 0.05375
0.0128139 0.0525
0.000997601 0.02875
-0.0317443 0.0125
-0.00604348 0.00125
0.0425502 0.0375
-0.00683539 0.03625
-0.0384416 0.005
-0.0382972 0.09625
-0.0137686 0.08875
0.0146607 0.10625
0.026961 0.0675
0.0729379 0.0575
0.0730427 0.235
0.0223755 0.08
0.00330361 0.09125
-0.00389084 0.16875
0.0380346 0.1225
-0.0289399 0.03625
-0.0434813 0.01
-0.0145888 0.03125
0.0270356 0.07
0.0351893 0.105
0.0340912 0.0525
0.116748 0.15125
0.0747685 0.1975
0.0257402 0.13
-0.0313479 0.1
0.00408808 0.05625
0.0256909 0.22375
-0.016819 0.06
0.00288553 0.00875
-0.0439244 0.0675
-0.00458548 0.0325
0.0178696 0.0475
0.00445301 0.01
-0.0203869 0.0525
0.0292734 0.15
-0.0166947 0.0925
-0.022561 0.15125
-0.0161221 0.18875
-0.0443351 0.0925
0.00575047 0.08625
0.0247378 0.12375
0.00789202 0.0925
0.0334782 0.0875
0.00940455 0.04375
0.0141588 0.075
0.00407819 0.05875
0.0121165 0.05125
0.0184723 0
-0.015517 0.0525
0.0198047 0.07625
0.027569 0.1025
-0.00312271 0.11875
-0.0176898 0.045
-0.00435445 0.095
-0.0426514 0.11875
-0.0420574 0.08875
-0.0132438 0.01
0.0106881 0.0025
-0.0111567 0.10375
-0.0480843 0.065
-0.0347894 0.065
-0.0388105 0.12875
-0.0483843 0.03375
-0.0578398 0.02625
0.00447184 0.005
0.0569461 0.03
0.0299211 0.02625
-0.00393167 0.00125
-0.0111722 0.015
-0.0100626 0.01
-0.010678 0.0425
-0.0291208 0.07625
-0.000697948 0.055
0.0173022 0.0625
0.00287075 0.05625
-0.0169403 0.04875
0.0146948 0.08125
0.00928524 0.1325
0.0147249 0.1625
-0.00625472 0.1125
-0.0428909 0.12625
0.00611469 0.07
0.0271463 0.06625
0.00994987 0.06125
0.056637 0.02375
0.0199515 0.055
0.0556766 0.06375
0.0485859 0.0375
0.0311791 0.05
0.0588122 0.11875
0.029567 0.075
-0.0225558 0.015
0.00463223 0.02625
0.0117346 0.04375
0.0255053 0.045
-0.065164 0.0025
-0.0186868 0.07375
-0.0140369 0.11375
-0.0304789 0.1425
-0.00828048 0.13
0.0198751 0.10125
0.0558088 0.07
0.119631 0.245
0.0835281 0.19375
0.0102825 0.06125
-0.0132474 0.0425
-0.0222089 0.03
-0.0124455 0.095
-0.0438976 0.085
-0.0208024 0.08
0.0317474 0.07
0.0353265 0.01125
0.0390876 0.055
-0.00718091 0.04125
-0.0287164 0.00375
-0.0123101 0.03875
-0.00432554 0.03125
-0.0305952 0.0675
0.00704287 0.105
-0.015787 0.0475
-0.0350109 0.0175
-0.0254018 0.06125
0.03775 0.04125
-0.021015 0.0225
-0.0326323 0.0725
-0.0152034 0.01375
0.0355725 0.04625
0.0488868 0.0425
0.0521456 0.00625
-0.00702105 0.1375
-0.0192451 0.02125
-0.0208617 0.02375
0.0293091 0.02125
-0.00673997 0.01625
0.00931121 0.02625
0.0221269 0.015
-0.00890515 0.03625
-0.0435921 0.00625
0.00237213 0.00625
0.0565979 0.04875
0.0264092 0.01
0.0345393 0.02375
0.020842 0.04375
-0.00910936 0.035
0.0173715 0.0425
0.0494335 0.0275
0.0477238 0.0125
0.0411596 0.00875
0.050795 0.02875
0.0491758 0.06375
0.06226 0.12125
0.00370395 0.0325
0.0263974 0.04125
0.0519702 0.02625
0.150577 0.11125
0.0740168 0.08625
0.0901211 0.15
0.0141395 0.125
0.0125882 0.03375
0.0239755 0.04
-0.0101036 0.03375
0.0145998 0.01375
0.0206489 0.1175
-0.00427506 0.02
0.00447984 0.01875
0.022014 0.11
0.0383329 0.07875
0.00856854 0.115
0.00556081 0.065
-0.0158995 0.0325
0.00782298 0.015
-0.0138816 0.07125
-0.0216271 0.00125
0.0544521 0.05625
0.0505302 0.08
-0.0189126 0.06
0.014773 0.07375
0.0322405 0.04125
0.0536447 0.01125
-0.0317839 0.01125
-0.0220912 0.04
-0.0132932 0.0325
0.0375724 0.06125
0.0488354 0.05375
-0.0137765 0.09375
-0.00716004 0.02625
-0.0470935 0.04
-0.0265478 0.00625
0.0093817 0.07125
0.0136745 0.03125
-0.00601167 0.0875
-0.0313669 0.00125
-0.0188691 0.00875
0.0338093 0.01125
-0.00271047 0.03125
-0.0379273 0.04
-0.0854444 0.06
-0.0680631 0.055
-0.0190261 0.045
-0.0341256 0.05875
0.027461 0.015
0.0796654 0.045
0.0075504 0.04375
0.0407734 0.00375
0.0199939 0.05875
-0.0234511 0.02625
-0.0515671 0.0675
-0.0328359 0.0225
0.0235076 0.0725
0.0324188 0.13125
0.0221246 0.1175
0.0197261 0.08375
0.0345397 0.085
-0.036896 0.09875
-0.0107376 0.0425
-0.0144583 0.1025
-0.0276892 0.01625
0.0177211 0.05
0.0251138 0.07625
0.0411946 0.03375
0.0184734 0.11875
-0.0285741 0.0025
-0.0327301 0.0275
0.00530902 0.14875
-0.0217059 0.0275
0.029939 0.02875
0.0356962 0.04375
0.0675639 0.14
0.047936 0.0075
0.0591865 0.06125
-0.0163911 0.11375
-0.0221597 0.0625
0.0926583 0.13125
0.0753622 0.1375
-0.00101153 0.01375
-0.0130232 0.085
-0.00248605 0.0875
0.0429387 0.1575
0.0621422 0.13875
-0.00676494 0.06375
0.00776415 0.02375
-0.0406278 0.08625
-0.0594821 0.00375
-0.00779313 0.00875
-0.0339465 0.00125
-0.0126182 0.0175
-0.00835221 0.0675
-0.0296456 0.08875
0.0017439 0.0175
0.0309702 0.02
-0.0343951 0.0525
0.0513494 0.0625
0.0701199 0.1075
0.0576434 0.10625
-0.0268544 0.085
-0.0179629 0.14875
-0.0156597 0.03875
0.0363639 0.085
-0.013413 0.0275
0.00180099 0.03375
-0.0379904 0.05
-0.0196271 0.0675
-0.0255722 0.0625
-0.0105084 0.03125
-0.0726298 0.02625
-0.044466 0.00875
-0.00516557 0.06
-0.00654839 0.10625
0.0493442 0.1075
0.058038 0.0625
0.052093 0.04125
0.0133851 0.075
0.0530383 0.055
-0.0230807 0.035
-0.00619271 0.025
-0.0300087 0.065
-0.0244137 0.00375
0.00335741 0.035
0.0345749 0.025
0.0248386 0.01875
0.0413258 0.08375
0.0598367 0.1075
0.00831099 0.00375
0.00275752 0.00875
0.0412596 0.01625
0.0154949 0.01
0.0261233 0.1025
-0.0267769 0.05375
-0.0772168 0.005
0.000392423 0.0225
-0.0313302 0.01625
-0.0283706 0.03125
-0.0102782 0.16
-0.0479583 0.13125
0.0390622 0.07875
0.0228127 0.07875
0.0122486 0.06
0.00335913 0.025
0.0449054 0.05875
0.0427536 0.05
0.0280766 0.04
-0.0463112 0.01875
0.0376078 0.0225
-0.0267297 0.01
-0.00663209 0.03
0.0319748 0.06375
-0.0107449 0.07125
0.0606575 0.06625
0.0336392 0.0225
0.0114962 0.0025
-0.0126174 0.03625
-0.0254072 0.0175
-0.0284577 0.08875
0.00711161 0.0025
-0.00981376 0.08
-0.0520182 0.03
-0.0263739 0.08875
-0.00227294 0.07625
0.045561 0.03125
0.0605476 0.03875
0.0547345 0.09125
-0.0272549 0.07875
-0.0576251 0.0075
-0.00213446 0.0075
0.0272925 0.0525
-0.0323902 0.00625
0.0320635 0.02375
-0.0314865 0.01125
0.0332327 0.10625
-0.0337295 0.10625
-0.000473937 0.12125
-0.0852059 0.03375
0.0404586 0.06375
-0.000853976 0.05
0.0667326 0.03125
0.00232683 0.0225
0.0139395 0.0875
0.0179625 0.0475
0.0061803 0.025
-0.0536476 0.05
-0.0723102 0.0525
0.00520228 0.1325
-0.00546326 0.02
0.0020114 0.0125
-0.00670474 0.0825
-0.00518013 0.09
-0.0725076 0.04
-0.0209439 0.02625
0.00866563 0.03375
0.0448317 0.11375
0.0290325 0.00375
-0.00781916 0.08625
-0.0579568 0.0075
-0.0647987 0.04625
-0.0621851 0.04375
-0.112809 0.0425
-0.0341782 0.0175
0.0415286 0.1525
0.0234628 0.07125
-0.0647058 0.025
-0.0327875 0.03
-0.062776 0.0475
-0.0694121 0.035
-0.0845734 0.02625
-0.0846485 0.03625
-0.108911 0.015
-0.0370852 0.01625
-0.0556984 0.0475
-0.0139451 0.025
0.038621 0.0825
0.0367064 0.0425
-0.00279295 0.035
0.0533258 0.015
0.0362618 0.1325
-0.0098803 0.0775
-0.00352564 0.07375
0.0150863 0.05125
0.0871618 0.17125
0.00468397 0.1075
-0.0268865 0.14125
-0.0241395 0.06
-0.0719486 0.02
-0.02887 0.03
0.0100853 0.05625
-0.0330332 0.00625
-0.02996 0.06125
-0.0188524 0.07375
-0.00386611 0.10125
-0.0535529 0.005
-0.0362737 0.00375
-0.0539041 0.035
-0.0392961 0.02125
0.0217958 0.07375
-0.00196087 0.065
0.0142405 0.07875
-0.0171136 0.07375
-0.0661665 0.02
-0.0888949 0.00375
-0.0102487 0.015
0.0180543 0.05
0.0317831 0.02875
0.0438471 0.03375
0.0495819 0.08
0.0312044 0.07
0.0224012 0.045
0.00658498 0.06375
-0.0240931 0.16125
-0.0269275 0.07875
0.0505025 0.0975
0.0490532 0.105
-0.0289391 0.12125
-0.0416575 0.02875
0.0223036 0.05875
0.00923344 0.0975
-0.00538151 0.06875
-0.00303671 0.08
-0.00700571 0.01375
0.0185371 0.0925
0.0594824 0.00875
0.00878369 0.0425
-0.0130401 0.02875
-0.0195903 0.03875
0.017218 0.09625
-0.0186084 0.1325
0.0664809 0.12375
0.0148299 0.15875
-0.0446724 0.0425
0.0215617 0.10125
0.0461285 0.03625
-0.0214982 0.045
-0.0127766 0.05125
-0.0103386 0.0175
-0.0381429 0.00875
-0.0371204 0.035
-0.00663291 0.0425
-0.0422109 0.1025
-0.0762457 0.025
-0.0684584 0
0.00982855 0.04125
0.00550616 0.1175
-0.0181613 0.1075
0.00843381 0.08125
0.0211052 0.00375
0.0125781 0.05375
-0.0455964 0.03125
-0.0671219 0.06
-0.0698612 0.06125
-0.0252772 0.03125
-0.101944 0.05
-0.0594331 0.11625
-0.0653924 0.0825
0.0142466 0.02375
0.0354928 0.04
0.0365938 0.01
0.0591855 0.09625
-0.0536223 0.085
0.0245887 0.12625
-0.0169707 0.165
-0.0693848 0.0075
-0.0862803 0.0525
-0.115521 0.05
-0.0742793 0.0325
0.0347911 0.10125
0.0505977 0.04375
0.017868 0.145
0.0190705 0.1025
0.0319117 0.00625
0.0297689 0.045
-0.00829513 0.09
-0.0269411 0.06
-0.0285804 0.0625
-0.0359306 0.1475
-0.0447404 0.055
-0.0272573 0.07625
0.0269744 0.0975
0.121203 0.1925
0.045468 0.10625
0.032129 0.05375
-0.0165943 0.0225
-0.0695407 0.005
-0.0166302 0.0525
0.0175272 0.1425
0.0499003 0.0075
0.0482177 0.0625
0.0341532 0.01375
0.0158659 0.055
-0.0183505 0.09875
-0.0453852 0.04625
-0.0922079 0.01
-0.0728533 0.07125
-0.0623877 0.05875
-0.0333396 0.05
0.0686029 0.14125
0.0949296 0.1225
0.127385 0.0775
0.161135 0.07875
0.106628 0.0875
0.0314501 0.08375
-0.0309106 0.04625
-0.037443 0.0025
-0.0388969 0.04125
0.00125294 0.02625
0.00905422 0.0225
0.0765388 0.0525
-0.069689 0.0075
-0.0265526 0.0975
-0.086061 0.11
-0.130193 0.0025
-0.0686422 0.02125
-0.0632284 0.03125
0.0652007 0.11125
0.0380152 0.10375
0.000731307 0.0675
0.0170379 0.0525
0.00284511 0.0075
-0.046882 0.06
-0.0230457 0.06
-0.0511478 0.03625
-0.0316231 0.01375
-0.0357956 0.05
-0.0744921 0.03625
-0.0212068 0.06125
-0.0191044 0.02875
0.0308186 0.04375
-0.0615174 0.035
-0.063982 0.0125
-0.0274684 0.05875
-0.0485452 0.015
-0.0293625 0.01625
-0.0169662 0.00375
-0.0719233 0.0575
-0.0617263 0.065
-0.0501113 0.065
-0.0482346 0.01
-0.0382218 0.0125
-0.0102149 0.00375
0.0385548 0.08625
0.0476262 0.0625
-0.0086991 0.0275
0.0272421 0.1475
-0.0328482 0.02375
-0.0510369 0.0175
0.0440162 0.0375
-0.0186784 0.1325
0.0949899 0.1075
0.0874854 0.225
0.0588668 0.0825
-0.0231689 0.08625
-0.0931566 0.04125
-0.0990362 0.04625
-0.0637133 0.07125
-0.0767933 0.0725
-0.0235664 0.0225
0.0319332 0.11875
-0.0101306 0.11
0.0453634 0.10125
0.0397752 0.0025
0.133631 0.015
0.0524573 0.01875
-0.0452166 0.04375
-0.0138419 0.0375
0.0371727 0.0125
0.0800209 0.08125
0.0685567 0.03375
0.00321454 0.065
0.0516113 0.1225
0.0531286 0.1075
0.00129604 0.0075
0.000858818 0.00125
-0.0314808 0.0875
0.00230072 0.0925
0.0577409 0.1425
0.0725696 0.085
0.0186059 0.06875
0.0348361 0.05375
0.0350148 0.125
0.0178992 0.005
-0.0135887 0.01375
-0.0302821 0.025
-0.0722637 0.05125
-0.0227686 0.01
0.0613466 0.10875
-0.0608504 0.065
-0.0459973 0.0025
0.0129159 0.04625
0.0813163 0.0575
-0.0268757 0.065
0.025047 0.13
-0.0656913 0.03375
0.0125631 0.0075
-0.0368549 0.0825
-0.00873517 0.05375
0.0315373 0.02
0.0160392 0.03
-0.044766 0.01125
-0.0234466 0.05375
0.050777 0.12625
0.00730228 0.08125
-0.0772902 0.04375
-0.0767828 0.01
0.105184 0.0725
0.136349 0.05875
0.077174 0.0525
0.0248754 0.05
0.0989157 0.06
-0.00832514 0.08
-0.0883691 0.02875
-0.0841477 0.075
-0.0267812 0.11125
0.100267 0.15375
0.0516256 0.12625
0.0795458 0.1175
0.0633095 0.08625
-0.0101343 0.01375
-0.0280449 0.02
0.0445451 0.12875
0.0643324 0.13625
-0.0185955 0.06875
-0.0547623 0.00625
0.0656635 0.04625
0.132115 0.1025
0.155459 0.0975
0.0357498 0.0425
0.0153106 0.05375
-0.0448638 0.0975
-0.0679497 0.03625
-0.071864 0.03375
-0.109536 0.00125
-0.0658628 0.00625
0.00453138 0.0525
-0.0285433 0.0875
-0.0238407 0.075
-0.0416431 0.02625
0.00248518 0.0375
-0.0577939 0.0075
0.0265931 0.03125
0.077196 0.1075
0.0570568 0.01375
0.0126962 0.0425
0.0901554 0.06125
0.0657351 0.07625
0.0304226 0.065
-0.0755561 0.0025
-0.0351279 0.0375
0.0335374 0.205
0.0848565 0.0525
0.0310431 0.0775
0.0758405 0.055
0.0441599 0.1425
0.0429861 0.1375
-0.0166634 0.1075
-0.010559 0.02125
0.0110728 0.0375
0.0323816 0.0725
0.0412081 0.16
0.0728718 0.08
0.0972524 0.1125
0.0211896 0.0475
-0.0313317 0.01
0.00238791 0.00875
0.0935522 0.07875
0.0424514 0.06125
0.0496628 0.02375
0.122855 0.07125
0.190609 0.08
0.0819677 0.09375
-0.0717564 0.01
-0.0395443 0.03875
0.0165417 0.0975
-0.0419585 0.05375
-0.124591 0.0075
-0.0285277 0.00625
0.0350804 0.16625
0.0456865 0.0775
-0.0242659 0.05625
0.117734 0.085
0.0113992 0.04125
-0.027504 0.0275
0.0557895 0.04375
0.0193145 0.06875
0.0582303 0.09125
0.0211631 0.05
0.070556 0.02
0.0222593 0.01375
0.0879675 0.06125
-0.0230381 0.00875
-0.00147284 0.0325
-0.038316 0.01
0.0281524 0.11875
0.0306486 0.09
-0.00960989 0.1275
0.0250532 0.1
0.0127999 0.09375
-0.0697791 0.00125
0.0188353 0.01625
-0.0240242 0.03375
-0.0248733 0.06625
-0.0958674 0.0175
0.0190031 0.0625
-0.00287332 0.08125
-0.0998973 0.02
-0.0594726 0.0275
-0.0176502 0.03
-0.02485 0.01
-0.0503364 0.03125
-0.0240305 0.05375
0.0560443 0.05625
0.0761481 0.00125
-0.0332228 0.03
-0.0568129 0.00625
-0.020145 0.04625
0.0157347 0.06
0.0494877 0.11
-0.0730505 0.05875
-0.0851553 0.005
-0.0205675 0.06125
-0.0030149 0.045
-0.0422554 0.05
0.000425914 0.025
0.118603 0.09125
0.0400744 0.0675
0.062993 0.0625
-0.0358725 0.03375
0.00252093 0.015
-0.0681343 0.09375
-0.0145302 0.0125
0.0191747 0.05625
0.0857333 0.0475
0.102941 0.0975
0.0366675 0.125
0.0687918 0.1075
0.0849852 0.11
-0.0149469 0.0225
-0.00257751 0.02125
-0.0034026 0.02375
-0.00551357 0.00875
0.0744542 0.075
0.0661972 0.15375
-0.00141067 0.08125
-0.0255621 0.045
0.0243829 0.0575
0.0489577 0.10625
0.0861829 0.115
0.0448358 0.175
-0.108905 0.035
-0.00695463 0.045
-0.0524132 0.0275
-0.00916687 0.0575
-0.00764105 0.095
-0.0444114 0.025
0.0604127 0.08125
-0.0945675 0.02
-0.0531236 0.00625
-0.0156189 0.065
0.113645 0.0875
-0.0116871 0.1025
-0.0484432 0.0075
0.0455215 0.02375
0.0367913 0.035
0.0283858 0.00375
-0.0253214 0.00625
0.00519977 0.03875
0.00129842 0.07125
-0.100513 0.07
-0.048057 0.02625
0.149355 0.12625
0.181342 0.1275
0.0563718 0.1025
0.0452461 0.0775
0.0191549 0.04875
0.0699855 0.10875
-0.0379888 0.06125
-0.165956 0.025
-0.0318305 0
-0.0125568 0.0975
-0.0772173 0.0175
-0.0447443 0.04125
0.0961817 0.00625
0.0538457 0.03375
0.0582685 0.00375
-0.0133199 0.05875
-0.0260451 0.005
0.021529 0.00875
-0.058255 0.025
-0.00928528 0.025
-0.0517132 0.0525
0.000560015 0.08625
0.0488492 0.07625
-0.01855 0.0375
0.0273328 0.11125
-0.0738508 0.045
-0.0311116 0.07875
0.00600095 0.0575
-0.0664007 0.00125
0.0122415 0.0275
0.039202 0.0325
-0.0692926 0.06875
-0.106184 0
-0.0575197 0.04
-0.0927364 0.015
-0.00277419 0.07875
0.00788298 0.01125
0.0349482 0.00625
-0.0204873 0.02875
0.0147664 0.0375
0.10833 0.0625
0.00897839 0.0475
-0.0734475 0.04375
-0.142105 0.015
-0.0188398 0.055
-0.143147 0.0075
-0.0307812 0.005
0.131868 0.05
0.0826086 0.13
-0.129796 0.01375
-0.135279 0.02875
-0.172081 0.0275
-0.0264959 0.06625
-0.0338237 0.01375
-0.0194157 0.0525
0.107038 0.07875
0.10653 0.1025
-0.00424874 0.0025
-0.0891614 0.0025
-0.00339832 0.0125
0.0642674 0.02875
-0.00970034 0.04625
-0.0450536 0.0225
-0.102039 0.0375
-0.0124424 0.0175
0.114694 0.095
0.0148755 0.02
0.124243 0.125
0.09584 0.11625
0.147763 0.1275
0.0624757 0.1075
-0.0337488 0.0175
-0.137469 0.05
-0.196109 0.00125
-0.134842 0.01
0.0398228 0.01125
0.00791361 0.04125
-0.0498656 0.035
-0.0442347 0.035
-0.133797 0.0275
-0.0620008 0.045
-0.0329422 0.0375
0.108267 0.1525
0.0753402 0.04375
0.014002 0.0475
0.00517091 0.02875
-0.00174255 0.07625
-0.133443 0.025
-0.115637 0.02
-0.0959049 0.005
0.029602 0.045
-0.0990004 0.03
0.11897 0.1025
-0.101654 0.0975
-0.0683228 0.005
-0.00768531 0.1175
-0.130842 0.035
-0.0701046 0.0625
0.119009 0.0625
0.220563 0.11625
0.0403334 0.0675
-0.209496 0.02625
-0.321927 0.00375
-0.168811 0.00875
0.0249146 0.03
-0.0389823 0.0625
-0.161467 0.01125
-0.0346688 0.0275
0.180542 0.0775
0.102242 0.10875
0.00709814 0.02125
0.0357778 0.0375
-0.0655627 0.03375
-0.130982 0.01
-0.0981827 0.025
-0.0366944 0.04
-0.0875345 0.07
-0.14888 0.0225
0.092025 0.04
0.348036 0.115
0.450741 0.14
0.23863 0.11625
0.15937 0.0675
-0.0523875 0.00375
-0.0946802 0.02375
-0.226717 0.045
-0.165808 0.04125
0.216942 0.13375
0.318792 0.1225
0.190143 0.115
0.0542029 0.0725
0.117602 0.09
0.0397896 0.0725
-0.109469 0.00375
-0.108925 0.06
-0.0572775 0.025
-0.12462 0.0225
0.0393039 0.06125
0.0712752 0.0575
0.355915 0.0675
-0.0362162 0.0325
0.00752981 0.0525
-0.108404 0.0475
-0.0771347 0.04875
-0.241531 0.055
-0.335095 0.03875
-0.15648 0.0025
0.102005 0.11625
-0.0731007 0.02
0.137298 0.0875
0.195938 0.09875
0.0484639 0.07875
-0.103023 0.00625
0.0456635 0.06
-0.221528 0.00125
-0.0599783 0.01125
-0.0447177 0.06625
-0.128904 0.05125
0.0561731 0.08375
-0.208104 0.03375
-0.216878 0.0225
-0.00520505 0.03375
0.586557 0.1375
0.408393 0.14375
-0.267126 0.01
-0.40459 0.02125
-0.0925207 0.02375
-0.0605663 0.06875
-0.413899 0.035
-0.379175 0.03125
-0.416779 0.02625
-0.264279 0.0475
-0.0794352 0.05875
0.389732 0.08125
0.471766 0.12875
-0.0545212 0.0525
-0.412323 0.01
-0.52215 0.03
-0.231542 0.0275
-0.334478 0.03125
0.12206 0.00125
0.934443 0.10875
0.223171 0.0425
0.906528 0.0825
0.0971277 0.0625
-0.842866 0.02
-0.761234 0.01625
0.254836 0.04875
0.284556 0.10875
-0.125431 0.025
2.09506 0.16625
1.76369 0.13375
0.846 0.1125
-0.453869 0.0475
-0.358821 0.03625
1.29841 0.0775
-0.363245 0.07625
-1.42299 0.0025
2.20714 0.10375
-4.91238 0.01625
