5 9.43414 0
4.54545 12.3955 0
4.16667 15.1432 0
3.84615 18.6251 0
3.57143 24.2604 0
3.33333 28.9047 0
3.125 36.1488 0
2.94118 45.0336 0
2.77778 62.7167 0
2.63158 85.7049 -0.00020004
2.5 113.344 0
2.38095 128.772 0.00160032
2.27273 122.416 0
2.17391 111.862 0.0040008
2.08333 91.8505 0.0144029
2 71.1488 0.0626125
1.92308 58.4389 0.114623
1.85185 48.9089 0.178036
1.78571 43.6356 0.221044
1.72414 34.8192 0.297059
1.66667 31.5293 0.357071
1.6129 27.1113 0.422484
1.5625 23.3265 0.521504
1.51515 20.3454 0.542308
1.47059 18.3323 0.603321
1.42857 15.7332 0.656931
1.38889 13.7741 0.693539
1.35135 13.2326 0.742749
1.31579 10.612 0.765353
1.28205 9.62912 0.807562
1.25 8.49905 0.830966
1.21951 7.36645 0.856771
1.19048 6.82654 0.870174
1.16279 6.15628 0.890578
1.13636 5.09067 0.914183
1.11111 4.48552 0.920784
1.08696 4.25689 0.930386
1.06383 3.47301 0.94799
1.04167 2.8635 0.95199
1.02041 2.64111 0.959192
1 2.51304 0.964393
0.980392 1.92947 0.972995
0.961538 2.14104 0.971594
0.943396 1.78031 0.977596
0.925926 1.35416 0.982797
0.909091 1.02481 0.987197
0.892857 1.09281 0.986197
0.877193 1.1169 0.986997
0.862069 0.899942 0.990198
0.847458 0.584384 0.993399
0.833333 0.590892 0.993799
0.819672 0.549399 0.994199
0.806452 0.416656 0.995999
0.793651 0.384714 0.996199
0.78125 0.355375 0.996599
0.769231 0.30206 0.997199
0.757576 0.377932 0.996599
0.746269 0.4696 0.996399
0.735294 0.259903 0.9978
0.724638 0.170429 0.9986
0.714286 0.150377 0.9988
0.704225 0.154705 0.9988
0.694444 0.0530735 0.9996
0.684932 0.136313 0.999
0.675676 0.112081 0.9992
0.666667 0.115131 0.9992
0.657895 0 1
0.649351 0.0607008 0.9996
0.641026 0.0622877 0.9996
0.632911 0.0319539 0.9998
0.625 0.0655229 0.9996
0.617284 0.0671712 0.9996
0.609756 0.0344269 0.9998
0.60241 0 1
0.595238 0 1
0.588235 0 1
0.581395 0.0378675 0.9998
0.574713 0 1
0.568182 0 1
0.561798 0.0405555 0.9998
0.555556 0.041472 0.9998
0.549451 0 1
0.543478 0.086654 0.9996
0.537634 0.0442829 0.9998
0.531915 0 1
0.526316 0 1
0.520833 0 1
0.515464 0 1
0.510204 0 1
0.505051 0 1
