5 0 0.0336262
4 0 0.0409382
3.33333 0 0.0537467
2.85714 0 0.0793239
2.5 0 0.154078
2.22222 0 0.748921
2 0 0.911608
1.81818 0 0.95371
1.66667 0 0.973543
1.53846 0 0.984393
1.42857 0 0.990293
1.33333 0 0.993899
1.25 0 0.996088
1.17647 0 0.997436
1.11111 0 0.998316
1.05263 0 0.99895
1 0 0.999271
0.952381 0 0.999533
0.909091 0 0.999658
0.869565 0 0.999795
0.833333 0 0.999866
0.8 0 0.999902
0.769231 0 0.999944
0.740741 0 0.999954
0.714286 0 0.999973
0.689655 0 0.999982
0.666667 0 0.999986
0.645161 0 0.99999
0.625 0 0.999994
0.606061 0 0.999996
0.588235 0 0.999996
0.571429 0 1
0.555556 0 1
0.540541 0 0.999999
0.526316 0 1
0.512821 0 1
