5 9.76279 0
4.54545 12.4433 0
4.16667 15.3656 0
3.84615 18.8977 0
3.57143 23.6922 0
3.33333 29.5797 0
3.125 37.2569 0
2.94118 46.5775 0
2.77778 64.6793 0
2.63158 87.7377 -6.66689e-05
2.5 111.457 -3.33344e-05
2.38095 128.486 -6.66689e-05
2.27273 127.981 0.000666689
2.17391 109.757 -0.00473349
2.08333 91.5654 -0.00226674
2 71.7787 -0.00146672
1.92308 59.5009 0.113137
1.85185 50.961 0.171939
1.78571 43.0523 -0.121904
1.72414 37.2033 0.29751
1.66667 30.7183 0.363545
1.6129 26.7841 0.434414
1.5625 23.4912 0.496817
1.51515 20.4719 0.553685
1.47059 17.6923 0.601587
1.42857 16.55 0.653222
1.38889 13.8337 0.702457
1.35135 12.3437 0.741891
1.31579 10.5837 0.777259
1.28205 9.29547 0.810494
1.25 8.40792 0.833394
1.21951 7.14042 0.862529
1.19048 6.47554 0.876296
1.16279 5.71729 0.896463
1.13636 4.86938 0.913797
1.11111 4.42292 0.922564
1.08696 3.87092 0.934764
1.06383 3.32026 0.945365
1.04167 2.91952 0.953798
1.02041 2.52849 0.962232
1 2.26048 0.966832
0.980392 1.92557 0.972732
0.961538 1.89545 0.974366
0.943396 1.64592 0.977833
0.925926 1.30357 0.983099
0.909091 1.27061 0.984599
0.892857 1.0375 0.987566
0.877193 0.97386 0.988633
0.862069 0.80443 0.990966
0.847458 0.759347 0.991666
0.833333 0.579408 0.9939
0.819672 0.620097 0.993733
0.806452 0.583829 0.994233
0.793651 0.482894 0.995267
0.78125 0.395263 0.9963
0.769231 0.313677 0.997133
0.757576 0.281832 0.997567
0.746269 0.269494 0.997833
0.735294 0.262845 0.9979
0.724638 0.285787 0.997733
0.714286 0.20039 0.9984
0.704225 0.128925 0.999
0.694444 0.10167 0.999233
0.684932 0.0908907 0.999333
0.675676 0.130722 0.999067
0.666667 0.086351 0.9994
0.657895 0.0394216 0.999733
0.649351 0.0354088 0.999767
0.641026 0.072652 0.999533
0.632911 0.0479181 0.9997
0.625 0.0327625 0.9998
0.617284 0.016795 0.9999
0.609756 0.0630949 0.999633
0.60241 0.0528934 0.9997
0.595238 0.0120418 0.999933
0.588235 0.0369858 0.9998
0.581395 0.00631125 0.999967
0.574713 0.00645888 0.999967
0.568182 0.0198233 0.9999
0.561798 0.00675925 0.999967
0.555556 0.0138235 0.999933
0.549451 0.00706645 0.999967
0.543478 0.0144447 0.999933
0.537634 0.00738048 0.999967
0.531915 0.00754005 0.999967
0.526316 0.00770133 0.999967
0.520833 0 1
0.515464 0.00802901 0.999967
0.510204 0 1
0.505051 0.00836352 0.999967
