5 9.59021 0.135264
4 17.3894 0.164426
3.33333 30.2139 0.216209
2.85714 55.1252 0.317799
2.5 112.743 0.558725
2.22222 110.606 0.799725
2 66.4353 0.913698
1.81818 50.0488 0.952513
1.66667 32.8518 0.973503
1.53846 23.097 0.983996
1.42857 16.9594 0.989962
1.33333 11.8208 0.993603
1.25 8.31051 0.996124
1.17647 5.97691 0.997489
1.11111 4.4843 0.998315
1.05263 3.15532 0.99892
1 2.25814 0.9993
0.952381 1.77586 0.999515
0.909091 1.47426 0.999625
0.869565 0.67187 0.99984
0.833333 0.754234 0.999835
0.8 0.448087 0.99991
0.769231 0.188996 0.999965
0.740741 0.145654 0.999975
0.714286 0.187925 0.99997
0.689655 0.268649 0.99996
0.666667 0.143892 0.99998
0.645161 0.03844 0.999995
0.625 0 1
0.606061 0.04356 0.999995
0.588235 0.04624 0.999995
0.571429 0.049 0.999995
0.555556 0.05184 0.999995
0.540541 0 1
0.526316 0 1
0.512821 0 1
