5 38.8607 0
4.54545 49.3386 0
4.16667 59.5672 0
3.84615 74.1122 0
3.57143 93.875 0
3.33333 114.654 0
3.125 138.909 0
2.94118 172.896 0
2.77778 217.235 0
2.63158 265.704 0
2.5 419.706 0
2.38095 622.493 0
2.27273 603.666 0
2.17391 553.617 0
2.08333 381.029 0
2 284.587 0.00020004
1.92308 243.979 0.00020004
1.85185 190.388 0.00040008
1.78571 173.047 0.00380076
1.72414 140.634 0.00820164
1.66667 120.58 0.0190038
1.6129 107.9 0.035007
1.5625 95.7685 0.0572114
1.51515 83.8335 0.0922184
1.47059 71.9504 0.131626
1.42857 61.9301 0.190038
1.38889 58.6809 0.24765
1.35135 50.1151 0.30146
1.31579 42.9005 0.366073
1.28205 35.9772 0.412082
1.25 34.2632 0.467894
1.21951 28.8929 0.552911
1.19048 25.8726 0.589518
1.16279 22.2884 0.645529
1.13636 21.0058 0.680536
1.11111 17.2842 0.725945
1.08696 15.5824 0.756151
1.06383 13.8989 0.787157
1.04167 11.0959 0.834367
1.02041 10.7308 0.844369
1 8.7923 0.870774
0.980392 7.63098 0.895579
0.961538 7.73657 0.897379
0.943396 6.35323 0.917984
0.925926 5.77107 0.929786
0.909091 4.35753 0.943189
0.892857 4.80146 0.946789
0.877193 3.9006 0.954791
0.862069 2.96938 0.966393
0.847458 2.57235 0.972795
0.833333 2.25879 0.975995
0.819672 2.4019 0.974995
0.806452 2.06454 0.979796
0.793651 1.72877 0.983197
0.78125 1.43401 0.986997
0.769231 1.4416 0.986997
0.757576 1.15372 0.989798
0.746269 0.799582 0.993599
0.735294 0.682725 0.994199
0.724638 0.99143 0.991798
0.714286 0.624188 0.994999
0.704225 0.667701 0.994799
0.694444 0.765408 0.994199
0.684932 0.435241 0.996799
0.675676 0.447248 0.996799
0.666667 0.172627 0.9988
0.657895 0.354096 0.9976
0.649351 0.401355 0.9976
0.641026 0.0934128 0.9994
0.632911 0.255273 0.9984
0.625 0.196411 0.9988
0.617284 0.201352 0.9988
0.609756 0.171997 0.999
0.60241 0.105773 0.9994
0.595238 0.108337 0.9994
0.588235 0.147879 0.9992
0.581395 0 1
0.574713 0.0387533 0.9998
0.568182 0.0396493 0.9998
0.561798 0 1
0.555556 0.041472 0.9998
0.549451 0 1
0.543478 0.0433357 0.9998
0.537634 0 1
0.531915 0.0452403 0.9998
0.526316 0 1
0.520833 0 1
0.515464 0 1
0.510204 0.0491725 0.9998
0.505051 0 1
