5 38.7132 0.0667172
4 68.312 0.0843631
3.33333 109.947 0.108908
2.85714 205.863 0.158466
2.5 383.138 0.324507
2.22222 633.219 0.756242
2 292.911 0.912132
1.81818 179.866 0.953775
1.66667 128.39 0.973488
1.53846 86.6058 0.984653
1.42857 63.8852 0.990108
1.33333 48.3211 0.993666
1.25 35.719 0.995935
1.17647 24.3383 0.997439
1.11111 17.6373 0.998333
1.05263 12.0666 0.998958
1 9.95882 0.999233
0.952381 7.19036 0.999507
0.909091 4.35618 0.999715
0.869565 3.6685 0.999778
0.833333 3.0694 0.999832
0.8 1.72389 0.999917
0.769231 1.54106 0.999933
0.740741 1.04066 0.999955
0.714286 0.665666 0.999973
0.689655 0.357989 0.999987
0.666667 0.669086 0.999977
0.645161 0.255925 0.999992
0.625 0.163731 0.999995
0.606061 0.232087 0.999993
0.588235 0 1
0.571429 0.0653333 0.999998
0.555556 0 1
0.540541 0 1
0.526316 0.0770133 0.999998
0.512821 0.08112 0.999998
