5 228.932 0.0270038
4 413.375 0.0333102
3.33333 727.536 0.0424934
2.85714 1194.19 0.0635014
2.5 2121.9 0.126611
2.22222 5196.5 0.714519
2 1782.97 0.911514
1.81818 1161.41 0.953667
1.66667 783.775 0.973438
1.53846 555.126 0.984078
1.42857 412.778 0.990131
1.33333 278.504 0.993838
1.25 210.324 0.99604
1.17647 141.687 0.99747
1.11111 105.107 0.99831
1.05263 81.5209 0.998899
1 54.134 0.999315
0.952381 43.1623 0.999507
0.909091 30.9601 0.999685
0.869565 22.2342 0.999792
0.833333 16.1556 0.999859
0.8 13.3149 0.999893
0.769231 7.77812 0.999942
0.740741 6.94248 0.999954
0.714286 4.11995 0.999973
0.689655 2.47818 0.999985
0.666667 2.09476 0.999989
0.645161 1.10668 0.999994
0.625 0.774543 0.999996
0.606061 1.08219 0.999995
0.588235 0.507241 0.999998
0.571429 0.391216 0.999998
0.555556 0.310573 0.999999
0.540541 0.273458 0.999999
0.526316 0.115462 1
0.512821 0.182383 0.999999
