0.028 -1124
0.012 -1064
0.0136 -1184
0.0352 -1104
0.032 -1108
0.0184 -1048
0.0296 -1068
0.0136 -1004
0.0232 -1028
0.0376 -1068
0.004 -1060
0.016 -1164
0.0096 -1052
0.0608 -1088
0.0464 -1136
0.0296 -1004
0.0912 -1072
0.0736 -1120
0.0056 -964
0.0424 -1024
0.004 -1024
0.0312 -1064
0.0136 -1108
0.032 -1008
0.0296 -1044
0.016 -1196
0.028 -1252
0.0536 -1200
0.04 -1236
0.0232 -1156
0.0152 -1112
0.004 -1200
0.0176 -1132
0.016 -1216
0.0032 -1136
0.0176 -1144
0.0096 -1072
0.08 -1036
0.032 -1084
0.0056 -1064
0.0096 -928
0.1 -936
0.0008 -1000
0.036 -1072
0.0752 -1112
0.068 -1144
0.0104 -1064
0.0072 -1124
0.0416 -1104
0.0376 -1112
0.028 -1004
0.0024 -976
0.0544 -1100
0.0432 -1088
0.0088 -920
0.0456 -1020
0.0832 -1060
0.0632 -1084
0.0304 -1056
0.0384 -992
0.0248 -988
0.0128 -964
0.0056 -1056
0.0128 -1152
0.0568 -1152
0.0432 -1084
0.0072 -1116
0.0256 -1252
0.0328 -1212
0.0328 -1216
0.0496 -1160
0.0464 -960
0.0464 -1088
0.0168 -1120
0.0088 -1136
0.032 -1016
0.0368 -1000
0.0384 -1092
0.0152 -1004
0.008 -968
0.004 -1084
0.0568 -1000
0.06 -1108
0.0208 -972
0.036 -1084
0.0264 -972
0.0168 -1044
0.0528 -1032
0.024 -1256
0.0232 -1092
0.04 -1028
0 -1120
0.0072 -1148
0.0536 -1116
0.0184 -1104
0.0016 -1116
0.0528 -1088
0.0056 -860
0.0016 -876
0.0152 -900
0.02 -920
0.0376 -916
0.0192 -960
0.048 -1064
0.0384 -960
0.0144 -892
0.0328 -1092
0.012 -1072
0.0376 -1132
0.0368 -980
0.0264 -972
0.0416 -928
0.0424 -920
0.0392 -972
0.0104 -928
0.0296 -876
0.0208 -1012
0.0088 -992
0.0208 -1080
0.0024 -1072
0.0392 -1004
0.0088 -1068
0.0184 -1140
0.0144 -1028
0.0296 -904
0.0112 -944
0.0056 -932
0.0216 -932
0.0336 -1108
0.04 -1156
0.0048 -1116
0.0584 -1164
0.0072 -1160
0.0208 -1224
0.0216 -1184
0.0304 -1120
0.0408 -1044
0.0352 -1084
0.0664 -1036
0.0136 -1080
0.0232 -1000
0.0464 -1088
0.0528 -1032
0.0096 -1136
0.0344 -1156
0.0304 -1228
0.0192 -1020
0.0112 -1100
0.0232 -1148
0.0016 -1072
0.0016 -1064
0.0136 -1092
0.032 -1072
0.0504 -1136
0.0112 -1084
0.0488 -1052
0.0304 -1084
0.0016 -1232
0.0112 -1148
0.0008 -1180
0.0272 -1092
0.0384 -1100
0.0176 -1244
0.0504 -1124
0.0304 -1152
0.008 -1092
0.04 -1068
0.0216 -1136
0.0112 -1036
0.0304 -1028
0.02 -1072
0.0192 -1176
0.0368 -1172
0.0072 -1032
0.016 -1008
0.0472 -1048
0.0216 -1108
0.02 -1068
0.0192 -980
0.0296 -1024
0.0504 -1044
0.0176 -992
0.02 -1056
0.0104 -1096
0.028 -972
0.024 -1032
0.02 -1036
0.0144 -1072
0.0176 -1052
0.008 -1052
0.0056 -1120
0.0752 -1036
0.0192 -1000
0.0584 -948
0.0256 -972
0.0208 -928
0.004 -1028
0.0256 -952
0.0256 -988
0.052 -904
0.0128 -948
0.0192 -960
0.0248 -1004
0.0128 -1044
0.0112 -1012
0.0424 -1112
0.008 -1144
0.04 -1096
0.04 -1216
0.0224 -1168
0.0112 -1156
0.0696 -1184
0.0408 -1196
0.0112 -1144
0.0248 -1160
0.0416 -1168
0.0016 -1044
0.0328 -1012
0.06 -1096
0.0048 -1000
0.0024 -1056
0.0168 -1120
0.02 -1028
0.008 -1124
0.0088 -1180
0.0288 -1092
0.0216 -1028
0.0248 -1032
0.0032 -992
0.0264 -1072
0.076 -1080
0.012 -1024
0.0184 -1116
0.052 -1080
0.0016 -1080
0.0056 -1044
0.0168 -948
0.0208 -1124
0.0896 -1072
0.0288 -1196
0.0232 -1104
0.0128 -1068
0.0152 -968
0.032 -1020
0.04 -1000
0.0088 -968
0.0288 -1004
0.0552 -1168
0.0336 -1164
0.02 -1060
0.016 -1048
0.0304 -1140
0.0392 -1188
0.012 -1060
0.0144 -1072
0.016 -976
0.0568 -952
0.0344 -972
0.0368 -1084
0.0136 -1040
0.0296 -988
0.0808 -1124
0.0408 -1140
0.056 -1176
0.0328 -1228
0.008 -1108
0.0448 -1092
0.0488 -996
0.0192 -1128
0.0392 -1224
0.0392 -1180
0.0392 -1084
0.0552 -1068
0.052 -1108
0.004 -1000
0.0232 -1088
0.0528 -1088
0.052 -1152
0.024 -1064
0.0368 -1088
0.0352 -1004
0.016 -1016
0.044 -1084
0.0232 -1084
0.02 -1180
0.0504 -1052
0.0016 -1088
0.0088 -1024
0.0288 -1064
0.0424 -1024
0.0192 -1056
0.0288 -1024
0.0184 -1072
0.0152 -1128
0.0184 -1160
0.032 -1156
0.0176 -1036
0.024 -1032
0.0264 -1092
0.0056 -1036
0.0384 -1092
0.0192 -1140
0.0072 -1212
0.0152 -1128
0.072 -1036
0.0408 -976
0.0176 -1064
0.0272 -1016
0.024 -984
0.0488 -1016
0.0912 -1100
0.0168 -1104
0.0024 -1200
0.0336 -1204
0.04 -1128
0.0552 -1196
0.064 -1356
0.0672 -1196
0.0272 -1176
0.0056 -1148
0.012 -1084
0.032 -1172
0.008 -1160
0.0344 -1100
0.0344 -1132
0.0296 -1048
0.0056 -980
0.0256 -1080
0.0048 -1112
0.0016 -984
0.0088 -1064
0.0296 -1196
0.0176 -1216
0.0384 -1124
0.0048 -1092
0.0408 -1080
0.0352 -1064
0.0024 -1072
0.0208 -1088
0.0464 -1156
0 -1132
0.0288 -1072
0.0136 -1040
0.0048 -1124
0 -1144
0.0312 -1180
0.0448 -1244
0.036 -1100
0.0136 -1168
0.0088 -1088
0.0128 -964
0.0296 -948
0.0104 -976
0.0072 -1076
0.0032 -1092
0.0016 -1200
0.084 -1076
0.0288 -1044
0.0752 -1048
0.004 -1068
0.0336 -1084
0.0008 -1028
0.04 -980
0.0832 -996
0.0248 -832
0.0064 -980
0.0448 -968
0.0608 -1036
0.0096 -1108
0.0008 -1096
0.0096 -1072
0.0008 -1088
0.0008 -1072
0.0016 -1084
0.0608 -1080
0.0096 -1160
0.0048 -1032
0.0792 -1124
0.0376 -1100
0.0328 -1124
0.0272 -1092
0.0136 -1060
0.0544 -1152
0.0416 -1024
0.0296 -1092
0.0136 -1216
0.0248 -1088
0.0736 -1092
0.0128 -1188
0.0024 -1128
0.028 -1084
0.0056 -1052
0.0024 -1096
0.0312 -1064
0.0584 -1016
0.0864 -1060
0.0008 -948
0.0104 -940
0.0336 -1048
0.024 -1104
0.0032 -1008
0.0232 -1072
0.0072 -1200
0.0008 -1180
0.0192 -956
0.0504 -1024
0.0424 -1020
0.02 -1068
0.0272 -984
0.0232 -864
0.0272 -980
0.0104 -1080
0.0248 -1100
0.0272 -1064
0.008 -984
0.0104 -1008
0.0296 -980
0.0016 -952
0.0344 -1180
0.0344 -1224
0.0144 -1200
0.0488 -1092
0.04 -1132
0.0376 -1108
0.0368 -1052
0.0304 -1000
0.004 -1104
0.0376 -1004
0.0008 -1124
0.0008 -1072
0.0136 -1004
0.016 -992
0.0248 -984
0.0056 -960
0.0048 -932
0.0056 -1080
0.0104 -1068
0.0224 -1020
0.0448 -1024
0.0008 -1128
0.032 -1016
0.024 -1092
0.0112 -1124
0.0104 -1196
0.0024 -1192
0.0008 -1156
0.012 -1092
0.0072 -1008
0.0432 -968
0.0392 -1060
0.032 -1060
0.0472 -1004
0.0136 -1108
0 -1052
0.028 -1056
0.0096 -1080
0.0504 -1024
0.0496 -1116
0.068 -1096
0.0232 -1172
0.0096 -1144
0.0112 -1012
0.0176 -1148
0.028 -1116
0.0104 -1192
0.0496 -1208
0.0144 -1060
0.0032 -1108
0.052 -1136
0.0328 -1224
0.0112 -1064
0.0136 -1000
0.0344 -1076
0.0288 -1008
0.0096 -936
0.004 -1060
0.0976 -1016
0.0376 -924
0.0352 -1008
0.036 -1020
0.016 -1088
0.0416 -1032
0.0064 -952
0.056 -924
0.0648 -1004
0.0176 -1064
0.0304 -1112
0.0376 -1076
0.0616 -1152
0.0168 -1112
0.0136 -1020
0 -1028
0.0096 -1040
0.0448 -1204
0.032 -1136
0.016 -1064
0.004 -936
0.0392 -1128
0.0328 -1200
0.0608 -1240
0.0352 -1192
0.0312 -1152
0.0104 -988
0.0088 -1072
0.0472 -956
0.036 -984
0.0072 -1164
0.0216 -1144
0.0008 -1100
0.0072 -1036
0.004 -1016
0.02 -1148
0.0024 -1124
0.0032 -1036
0.0376 -1072
0.0032 -1088
0.0552 -1036
0.0456 -1020
0.0208 -1080
0.0064 -988
0.0032 -1164
0.008 -1148
0.0176 -1104
0.0048 -996
0.0184 -1104
0.0088 -1004
0.044 -1052
0.0224 -1036
0.0144 -1068
0.044 -1068
0.0472 -992
0.0008 -980
0.0112 -1072
0.0176 -1072
0.008 -1020
0.0216 -1156
0.0624 -1132
0.0072 -1144
0.08 -960
0.0752 -1052
0.0376 -1000
0.0272 -988
0.008 -1048
0.008 -1056
0.0392 -1136
0.0064 -1148
0.0704 -1108
0.056 -1060
0.0016 -1084
0.0392 -1068
0.0472 -976
0.012 -984
0.0512 -1140
0.0184 -1104
0.032 -1160
0.0016 -1152
0.0024 -1040
0.0136 -920
0.0104 -964
0.0088 -1028
0.012 -984
0.0376 -976
0.0336 -1052
0.0152 -1100
0.0128 -1076
0.0128 -1032
0.008 -1072
0.0424 -1176
0.0128 -1192
0.0792 -1244
0.012 -1228
0.0304 -1140
0.0496 -1184
0.0424 -1092
0.0088 -1036
0.0208 -1124
0.0384 -1016
0.032 -1124
0.1016 -1172
0.0136 -1176
0.036 -1180
0.0344 -1128
0.0384 -1088
0.0616 -1024
0.0152 -1148
0.0224 -976
0.0408 -1148
0.0352 -1044
0.0128 -1076
0.0032 -1132
0.02 -1104
0.0384 -1068
0.0216 -1088
0.04 -1084
0.084 -1124
0.0224 -1152
0.0192 -1168
0.0264 -1080
0.0672 -940
0.008 -1004
0.0048 -1004
0.0208 -968
0.0416 -1024
0.004 -1000
0.0072 -980
0.0464 -1020
0.0496 -1000
0.0088 -920
0.044 -1104
0.0504 -1068
0.0696 -1096
0.0208 -1128
0.0104 -1216
0.0344 -1128
0.0456 -1044
0.0248 -1068
0.0168 -1144
0.0032 -1156
0.0016 -1212
0.04 -1180
0.0272 -1004
0.004 -940
0.0032 -1012
0.0536 -992
0.0008 -1128
0.0496 -1128
0.04 -1104
0.0616 -1036
0.0056 -1088
0.004 -1148
0.0504 -968
0.0624 -1156
0.0224 -1228
0.0008 -1204
0.0416 -1108
0.008 -1052
0.0208 -1068
0.0184 -1080
0.032 -1064
0.0056 -1040
0.0232 -1204
0.0416 -1200
0.0968 -1140
0.012 -1168
0.0568 -1208
0.008 -1136
0.004 -1144
0.0488 -1104
0.0184 -1100
0.0072 -1056
0.0296 -1168
0.0128 -1188
0.012 -1080
0.0232 -1044
0.0264 -1048
0.0064 -980
0.0208 -1076
0.0312 -1112
0.0008 -1116
0.016 -1048
0.0096 -1108
0.0032 -1116
0.02 -1036
0.0168 -1084
0.0048 -1128
0.0328 -1068
0.0624 -1128
0.0712 -1028
0.0256 -1096
0.0776 -1084
0.012 -1216
0.0224 -1172
0.016 -1056
0.028 -1136
0.0128 -1032
0.0256 -1116
0.0248 -1112
0.0088 -1000
0.04 -1068
0.012 -964
0.036 -1016
0.016 -1092
0.02 -1016
0.0024 -980
0.0248 -952
0.0264 -1128
0 -996
0.0184 -1044
0.06 -1040
0.024 -1108
0.0224 -1048
0.0312 -960
0.024 -968
0.0624 -1076
0.0136 -912
0.0248 -1060
0.0216 -1104
0.0144 -992
0.0152 -1000
0.068 -1004
0.0112 -936
0.012 -936
0.0304 -1056
0.0408 -1056
0.032 -1000
0.048 -920
0.02 -988
0.0248 -868
0.0536 -968
0.0152 -1092
0.0208 -1100
0.0112 -1084
0.0112 -1012
0.012 -1104
0.0208 -1144
0.0064 -1072
0.0288 -1000
0.0344 -1124
0.024 -1060
0.0192 -964
0.0408 -1036
0.0336 -976
0.0232 -976
0.0576 -1068
0.0496 -944
0.0776 -1040
0.0144 -972
0.0736 -988
0.0688 -1112
0.0056 -1120
0.0136 -1148
0.0056 -1108
0.0216 -1184
0.004 -1124
0.0464 -1084
0.0672 -1044
0.0472 -1104
0.0736 -1136
0.0448 -1156
0.0488 -1124
0.0008 -1228
0.0112 -1168
0.0032 -1048
0.0272 -1048
0.0336 -1228
0.0296 -1228
0.0048 -1244
0.0104 -1144
0.0272 -1172
0.0304 -1280
0.0584 -1224
0.0448 -1212
0.0008 -1080
0.0104 -1036
0.0344 -1040
0.0168 -1024
0.0096 -1060
0.0272 -1072
0.0424 -976
0.0328 -892
0.0152 -1008
0.0136 -1028
0.0056 -1160
0.0136 -1180
0.0232 -1084
0.04 -1032
0.012 -1104
0.004 -1052
0.012 -1028
0.0072 -988
0.0136 -1036
0 -1104
0.0088 -1048
0.0168 -1092
0.0152 -1112
0.0608 -976
0.0264 -884
0.0296 -956
0.0128 -1032
0.0024 -1024
0.0296 -1068
0.0016 -1056
0.0176 -1108
0.0304 -1132
0.0008 -1096
0.0128 -1028
0.032 -1116
0.0032 -1100
0.0632 -1104
0.0104 -1144
0.0232 -1180
0.0208 -1140
0.0296 -1048
0.0288 -1100
0.008 -1036
0 -1156
0.0192 -1176
0.06 -1092
0.0128 -1160
0.0104 -1176
0.0192 -1100
0.0392 -1096
0.012 -980
0.0176 -968
0.0016 -1072
0.0104 -1084
0.0112 -1160
0.0192 -1232
0.008 -1120
0.0296 -1116
0.048 -1044
0.0464 -980
0.0072 -1024
0.0544 -1116
0.0056 -968
0.0096 -1056
0.0376 -1080
0.004 -964
0.0384 -1048
0.0112 -1152
0.004 -1096
0.04 -1080
0.0888 -1068
0.0384 -1092
0.0296 -1020
0.0648 -1160
0.0392 -1120
0.0088 -1208
0.0504 -1124
0.0232 -1016
0.0024 -1072
0.0024 -1080
0.0064 -1076
0.0352 -1256
0.0288 -1072
0.0208 -1148
0.0272 -1068
0.0272 -1160
0.016 -1212
0.0368 -1244
0.02 -1116
0.0256 -1076
0.0048 -1152
0.0032 -1020
0.032 -1020
0.0088 -1152
0.0392 -1196
0.0064 -1112
0.008 -1008
0.0208 -980
0.012 -1020
0.0128 -968
0.0056 -940
0.0392 -888
0.0464 -880
0.012 -1008
0.0376 -1100
0.0152 -1148
0.0224 -1044
0.0528 -1144
0.0728 -1080
0.0064 -1100
0.0336 -1152
0.0032 -1236
0.0152 -1160
0.04 -1056
0.0032 -1020
0.0448 -988
0.0408 -1124
0.0072 -1096
0.02 -1068
0.0232 -1028
0.0296 -984
0.0184 -956
0.0168 -1096
0.0208 -1068
0.0136 -1004
0.0352 -1052
0.0464 -976
0.0264 -1176
0.0272 -1092
0.0472 -1104
0.008 -1120
0.0208 -1244
0.0192 -1180
0.0528 -1044
0.0256 -1120
0.012 -1060
0.0032 -1032
0.0592 -980
0.0296 -988
0.0032 -1024
0.0096 -980
0.0184 -1052
0.0344 -980
0.0096 -1044
0.0472 -1136
0.0216 -1104
0.0256 -1016
0.0016 -1092
0.0208 -1140
0.0136 -1068
0.0544 -1164
0.0008 -1176
0.024 -948
0.02 -944
0.0088 -1000
0.0024 -924
0.0176 -864
0.02 -860
0.0168 -932
0.012 -1048
0.0504 -1068
0.0392 -1064
0.02 -1036
0.1144 -1196
0.0408 -1080
0.0424 -1128
0.0016 -1100
0.0184 -1024
0.0736 -1100
0.0528 -1016
0.0032 -864
0.0168 -972
0.0264 -916
0.0144 -932
0.0488 -964
0.012 -1044
0.0336 -928
0.0208 -968
0.0504 -1036
0.0464 -1180
0.0112 -1120
0.0136 -1060
0.0048 -1096
0.0472 -1036
0.0168 -1064
0.0136 -1076
0.0136 -1088
0.0144 -1096
0.08 -1156
0.0088 -1032
0.0568 -1152
0.0096 -1044
0.0144 -1080
0.0136 -1040
0.008 -1036
0.0776 -1092
0.0264 -1040
0.02 -1140
0.0048 -1084
0.024 -996
0.036 -1000
0.072 -976
0.04 -1104
0.0208 -1084
0.0736 -1188
0.0224 -1232
0.0248 -1216
0.044 -1168
0.0112 -1096
0.0064 -1176
0.0656 -1196
0.0232 -1064
0.0312 -1144
0.024 -1016
0.0112 -1048
0.0136 -1012
0.0248 -1024
0.0152 -1076
0.0376 -1064
0.0192 -1160
0.0104 -1136
0.0456 -1040
0.06 -1092
0.052 -1036
0.0136 -1080
0.0304 -1036
0.0576 -1036
0.0184 -1064
0.0032 -1024
0.0352 -1084
0.0104 -1036
0.0296 -1040
0.0312 -1188
0.0312 -1044
0.0664 -1032
0.0048 -996
0.0088 -1076
0.028 -1116
0.0544 -1152
0.04 -1072
0.0048 -1124
0.0264 -1068
0.0216 -1044
0.0368 -960
0.04 -1092
0.004 -952
0.0288 -1012
0.0312 -1028
0.0184 -1184
0.032 -1024
0.0432 -1012
0.016 -1056
0.0368 -984
0.0408 -868
0.008 -988
0.016 -1104
0.0136 -1036
0.0176 -1076
0.0256 -964
0.0056 -1012
0.04 -1024
0.0472 -1084
0.0344 -1116
0.016 -1004
0.0216 -996
0.0048 -1052
0.0312 -1100
0.0344 -1056
0.028 -956
0.004 -984
0.0048 -1080
0.004 -1064
0.0336 -1036
0.0328 -1080
0.0768 -1084
0.0392 -1060
0.0232 -1104
0.04 -1008
0.0184 -1024
0.008 -980
0.0232 -1036
0.06 -1048
0.0184 -1108
0.0256 -980
0.0152 -892
0.0032 -880
0.0168 -916
0.0656 -924
0.0432 -1024
0.0104 -988
0.0368 -1016
0.0248 -1016
0.0256 -1112
0.012 -992
0.024 -1060
0.0264 -1016
0.06 -1028
0.0608 -940
0.02 -996
0.0304 -1104
0.0072 -1100
0.0112 -1088
0.0104 -1008
0.0376 -1064
0.032 -1160
0.0032 -964
0.0112 -1060
0.0688 -1096
0.0032 -1008
0.0232 -1016
0.0096 -1064
0.0416 -984
0.136 -972
0.0048 -1088
0.0032 -1164
0.0008 -1128
0.048 -1032
0.0448 -1080
0.0264 -1108
0.0432 -1012
0.0472 -1040
0.0056 -1164
0.0184 -1124
0.02 -1148
0.0376 -1072
0.024 -1104
0.0152 -1140
0.0304 -992
0.0208 -1072
0.0016 -1184
0.0408 -1020
0.0848 -1084
0.008 -1024
0.032 -1000
0.0064 -1168
0.008 -1220
0.0256 -1048
0.0456 -1192
0.0216 -1124
0.0792 -1156
0.0256 -1224
0.0392 -1108
0.0088 -1132
0.0248 -1096
0.0528 -1064
0.0432 -1096
0.0096 -1064
0.0144 -1132
0.0304 -1100
0.0696 -1108
0.0592 -1104
0.0056 -1112
0.0144 -1120
0.0056 -1184
0.0056 -1296
0.0048 -1268
0.016 -1180
0.0008 -1072
0.0232 -1064
0.0528 -876
0.0376 -1080
0.0472 -1108
0.0376 -1072
0.0272 -1024
0.0072 -940
0.06 -1052
0.0544 -1052
0.0112 -1072
0.0352 -1068
0.012 -1008
0.0296 -1124
0.0096 -1156
0.0664 -1084
0.0088 -1108
0.0064 -1124
0.0056 -1192
0.0016 -1264
0.0048 -1216
0.072 -1164
0.0056 -1036
0.0024 -1148
0.0128 -1072
0.0168 -1160
0.004 -1052
0.0008 -1012
0.0712 -1028
0.004 -1132
0.044 -1064
0.0416 -1008
0.0304 -956
0.0072 -880
0.0144 -1028
0.0368 -988
0.0296 -1068
0.0192 -1080
0.0192 -988
0.0136 -1048
0.1024 -1084
0.0304 -1000
0.0368 -972
0.0008 -1000
0.0528 -1008
0.032 -1052
0.0344 -920
0.0248 -980
0.02 -932
0.0032 -1056
0.0848 -1080
0.0568 -1072
0.0664 -1012
0.0208 -1060
0.012 -996
0.0712 -1072
0.0168 -1112
0.0064 -1140
0.0216 -1020
0.0464 -1032
0.0336 -1084
0.0328 -1096
0.0016 -1060
0.0312 -1044
0.0256 -1040
0.0376 -992
0.0352 -1072
0.0464 -1024
0.0072 -1112
0.0264 -1108
0.0728 -1072
0.0328 -1064
0.0248 -1192
0.0184 -1184
0.0064 -944
0.0824 -1012
0.0096 -1092
0.0152 -1056
0.0032 -996
0.0304 -1032
0.02 -1044
0.0176 -1000
0.0768 -1040
0.0416 -1092
0.0488 -1164
0.0472 -1012
0.0224 -1096
0.0288 -1056
0.0344 -1048
0.0048 -984
0.0256 -1028
0.0712 -1076
0.0184 -1016
0.0696 -1116
0.0408 -980
0.0344 -980
0.0064 -1036
0.0088 -1140
0.0008 -980
0.0248 -1108
0.0072 -1048
0.036 -1080
0.0296 -1204
0.0832 -1100
0.0584 -1164
0.004 -1004
0.0336 -1084
0.0632 -1104
0.0184 -1116
0.012 -1096
0.0096 -1020
0.0024 -1032
0.0504 -1128
0.0176 -1016
0.0296 -1040
0.0008 -1004
0.0024 -1052
0.0376 -1112
0.0136 -1180
0.004 -1116
0.0376 -1020
0.028 -1052
0.0272 -1052
0.0248 -1048
0.0096 -1008
0.0064 -964
0.0224 -968
0.0016 -968
0.0024 -1052
0.0112 -1120
0.0096 -1012
0.072 -1140
0.008 -1184
0.0072 -988
0.0176 -1004
0.0512 -1064
0.0736 -1056
0.0688 -984
0.0016 -916
0.0656 -988
0.0216 -860
0.0176 -948
0.0504 -900
0.056 -1000
0.064 -1004
0.028 -1008
0.0608 -996
0.0176 -948
0.0032 -1040
0.028 -960
0.036 -1104
0.0112 -1004
0.0152 -1028
0.0072 -1028
0.016 -972
0.0128 -944
0.0424 -992
0 -1004
0.0008 -956
0.024 -980
0.0536 -1236
0.0296 -1112
0.0176 -1052
0.036 -988
0.0248 -984
0.0168 -900
0.0024 -1012
0.04 -1136
0.028 -1096
0.0392 -1100
0.0024 -1088
0.012 -1052
0.016 -1056
0.0176 -1008
0.0336 -1012
0.052 -1100
0.0592 -1100
0.0128 -1124
0.0344 -1160
0.0056 -1076
0 -1116
0.02 -1076
0.0056 -1096
0.0424 -1064
0.0296 -1136
0.0016 -984
0.0232 -1136
0.0112 -1080
0.0024 -1072
0.0192 -1012
0.08 -984
0 -1032
0.0736 -1088
0.0072 -1068
0.0592 -988
0.0024 -1116
0.028 -992
0.0216 -1072
0.0408 -1124
0.0048 -1224
0 -1140
0.004 -1068
0.076 -1020
0.0456 -940
0.004 -1120
0.0024 -980
0.0032 -1144
0.0384 -1080
0.0016 -1168
0.0144 -1128
0.0144 -1064
0.032 -1140
0.0272 -1084
0.0168 -1044
0.0584 -944
0.032 -1052
0.0024 -1036
0.0048 -1136
0.0088 -1072
0.0424 -996
0.0088 -1024
0.0112 -1196
0.0272 -1252
0.0184 -1288
0.0336 -1124
0.0144 -1136
0.0152 -1112
0.0224 -1092
0.0264 -1244
0.02 -1132
0.0192 -972
0.0208 -1048
0.0304 -992
0.0192 -980
0.048 -1184
0.0352 -1120
0.076 -1100
0.02 -936
0.0232 -1056
0.06 -1072
0.0184 -1044
0.0856 -1144
0.0304 -1124
0.0176 -1040
0.0264 -1108
0.0048 -1100
0.0552 -1060
0.0552 -1056
0.0192 -1052
0.02 -1192
0.016 -1164
0.008 -1136
0.0224 -1116
0.004 -1084
0.0176 -1068
0.0264 -1064
0.0648 -1088
0.0272 -1140
0.0344 -1156
0.0008 -1116
0.0448 -1128
0.0264 -1224
0.0392 -1116
0.024 -1092
0.0072 -1028
0.0192 -984
0.012 -1060
0.0336 -1092
0.0232 -1056
0.028 -1000
0.0312 -1088
0.052 -1028
0.0008 -1156
0.04 -1172
0.0136 -1180
0.0144 -1108
0.02 -1204
0.0336 -1076
0.0104 -1040
0.0016 -1044
0.0008 -1068
0.076 -944
0.028 -900
0.064 -1024
0.0704 -1012
0.0096 -1132
0.0456 -1216
0.012 -1248
0.0288 -1172
0.0032 -1100
0.008 -1236
0.068 -1184
0 -1060
0.0112 -1076
0.0104 -1080
0.0616 -944
0.0264 -944
0.0128 -1040
0.02 -1172
0.0096 -1016
0 -1096
0.04 -1068
0.0432 -1160
0.0296 -1220
0.0344 -1140
0.0176 -1132
0.0672 -1132
0.0984 -1104
0.044 -1148
0.0232 -976
0.016 -1008
0.036 -1128
0.0144 -1156
0.0008 -1224
0.0384 -1128
0.004 -1160
0.0008 -1052
0.0056 -1004
0.0168 -1208
0.0464 -1060
0.0032 -988
0.0432 -1120
0.0648 -1112
0.0304 -1132
0.0528 -1056
0.024 -1048
0.0408 -1056
0.0104 -1144
0.0224 -1160
0.0472 -1128
0.004 -1220
0.0008 -1024
0.008 -1124
0.0112 -1156
0.0424 -1100
0.0224 -972
0.0136 -992
0.0296 -1100
0.0184 -1088
0.016 -1056
0.0256 -988
0.0072 -1052
0.0112 -1116
0.0656 -1152
0.0136 -1112
0.0624 -1084
0.0304 -1000
0.0312 -952
0.0008 -964
0.0288 -996
0.0328 -1128
0.02 -980
0.012 -1040
0.0272 -1072
0.0024 -1068
0.0016 -1028
0.0104 -1092
0.0416 -1160
0.0392 -1176
0.0088 -1128
0.0072 -1068
0.0632 -1124
0.0112 -1028
0.0384 -1048
0.0456 -940
0.0248 -1012
0.0152 -1108
0.032 -1232
0.0352 -1172
0.0264 -1184
0.0088 -1208
0.0208 -1144
0.0152 -1220
0.008 -1056
0.0176 -1024
0.0488 -1064
0.0136 -1172
0.0064 -1088
0 -1080
0.02 -1028
0.0272 -1044
0.044 -976
0.0096 -1052
0.012 -1188
0.0056 -984
0.0416 -1172
0.084 -1208
0.06 -1172
0.0536 -1084
0.0152 -1136
0.076 -1144
0.0496 -1036
0.0432 -996
0.024 -936
0.0136 -1108
0.0464 -1076
0.0408 -1116
0.0008 -1036
0.0488 -1112
0.012 -1216
0.0136 -1192
0.032 -1208
0.008 -1120
0.0104 -1180
0.0104 -1208
0.028 -1184
0.0144 -1128
0.0488 -992
0.016 -1128
0.0064 -984
0.0408 -1004
0.0072 -880
0.056 -992
0.0648 -1076
0.0392 -1164
0.0064 -1016
0.0416 -1076
0.0872 -1084
0.0024 -1080
0.0032 -1108
0.0104 -1080
0.0328 -1208
0.0144 -1160
0.0368 -1140
0.0088 -1040
0.0152 -1044
0.0488 -1040
0.008 -964
0.036 -1068
0.0456 -1056
0.0056 -1100
0.0512 -1076
0.004 -1056
0.0416 -996
0.0248 -1040
0.0112 -1112
0.1184 -1284
0.0496 -1160
0.02 -1252
0.0216 -1064
0.024 -1068
0.0376 -956
0.0072 -960
0.0984 -1004
0.0192 -992
0.0048 -976
0.0128 -1012
0.0632 -1048
0.0464 -1076
0.0088 -992
0.0032 -876
0.0344 -1072
0.032 -1052
0.0056 -1148
0.0072 -1136
0.0152 -1072
0.016 -1200
0.0128 -1128
0.0128 -1160
0.0104 -1056
0.0144 -1056
0.0264 -1040
0.052 -1028
0.0256 -968
0.012 -1080
0.04 -1172
0.0168 -1008
0.024 -1012
0.0264 -984
0.008 -952
0.012 -1068
0.056 -1172
0.0864 -1224
0.0472 -1108
0.024 -1044
0.064 -1164
0.0096 -1216
0.0576 -1124
0.0552 -1224
0.0224 -1124
0.0448 -1176
0.0696 -1244
0.0088 -1088
0.0272 -1088
0.0328 -972
0.0656 -1020
0.028 -1140
0.0008 -1040
0.0304 -1036
0.0176 -992
0.0104 -980
0.012 -1080
0.0016 -1160
0.0368 -1128
0.024 -1060
0.0488 -1056
0.0632 -1100
0.0424 -988
0.0392 -976
0.0256 -1088
0.0128 -1164
0.0432 -1052
0.0008 -1128
0.016 -1140
0.0368 -1032
0.008 -1056
0.0392 -1080
0.0512 -948
0.0008 -1040
0.0152 -996
0.048 -1072
0.0264 -1124
0.0312 -1124
0.0312 -1144
0.0312 -1144
0.0424 -1064
0.0192 -1044
0.0528 -1012
0.0256 -1132
0.0336 -1020
0.0192 -1044
0.0192 -1164
0.0176 -1124
0.0456 -1092
0.0672 -1036
0.0136 -1080
0.0192 -1152
0.0304 -1084
0.0728 -1036
0.0288 -1100
0.0448 -980
0.0032 -884
0.0384 -1028
0.0304 -1128
0.0104 -1144
0.028 -1004
0.0032 -1176
0.0096 -1124
0.0104 -1008
0.008 -1104
0.028 -1112
0.0728 -1160
0.0328 -1188
0.0056 -1112
0.02 -936
0.008 -992
0.0168 -1100
0.0456 -1068
0.032 -1104
0.0728 -1100
0.0112 -984
0.0208 -1072
0.0904 -1128
0.028 -940
0.0336 -1008
0.0784 -1000
0.0424 -1012
0 -1052
0.0512 -1192
0.0488 -1152
0.0104 -1108
0.0392 -1072
0.0528 -1052
0.0024 -1096
0 -1144
0.0328 -1004
0.0488 -1064
0.0392 -1028
0.036 -984
0.0176 -944
0.0424 -832
0.0328 -1048
0.0296 -1032
0.0088 -1096
0.0032 -1052
0.0016 -1056
0.0464 -1032
0.0328 -1072
0.0016 -1092
0.0176 -1092
0.0456 -1104
0.0104 -976
0.0568 -1016
0.004 -1136
0.0048 -1084
0.0056 -1108
0.0408 -1044
0.0032 -1208
0.0128 -1168
0.0208 -968
0.0432 -1056
0.092 -992
0.0152 -1012
0.0264 -1188
0.032 -1072
0 -1084
0.0288 -1052
0.0088 -1000
0.0408 -1172
0.0696 -1124
0.0048 -1148
0.0008 -944
0.0088 -1088
0.0304 -1180
0.012 -1088
0.004 -1092
0.0344 -968
0.0176 -968
0.0224 -1100
0.0072 -1084
0.0416 -1056
0.0368 -1120
0.0024 -1000
0.1192 -1056
0.004 -1052
0.0112 -1020
0.0664 -1112
0.0096 -1144
0.024 -1180
0.0544 -1176
0.0432 -1048
0.0224 -1036
0.0288 -1092
0.004 -1144
0.0112 -1172
0.0464 -1264
0.0216 -1036
0.0008 -1072
0.0008 -1040
0.0168 -1084
0.0072 -1088
0.0304 -1072
0.0296 -1120
0.0712 -1160
0.0408 -1092
0.0184 -1020
0.0584 -1160
0.0216 -1144
0.0088 -1132
0.0416 -1052
0.008 -1136
0.0784 -1092
0.0072 -1168
0.044 -1024
0.0032 -1044
0.024 -964
0.0128 -924
0.0368 -940
0.0216 -1016
0.0088 -928
0.0544 -1036
0.0064 -1080
0.0096 -1104
0.0104 -1200
0.0072 -1156
0.0664 -1120
0.024 -1200
0.04 -1168
0.1016 -1248
0.0112 -1096
0.0336 -1072
0.0336 -1144
0.0224 -1148
0.0136 -1168
0.024 -1196
0.0472 -1176
0.0352 -1108
0.0176 -1064
0.0128 -1020
0.0064 -900
0.036 -1124
0.0664 -1128
0.0496 -1088
0.0056 -1164
0.0032 -1228
0.0288 -1040
0.0384 -1068
0.0352 -1128
0.0464 -1084
0.0336 -1064
0.0384 -1112
0.0232 -1052
0.0136 -1044
0.0392 -1100
0.0304 -1048
0.0232 -1096
0.0528 -1176
0.0064 -1152
0.0376 -1188
0.0056 -1220
0.0256 -1216
0.0176 -1064
0.0112 -1084
0.0032 -1076
0.0672 -1072
0.0328 -1216
0.0496 -1076
0.0576 -1156
0.0376 -1092
0.0416 -1116
0.0168 -1196
0.0736 -1324
0.0008 -1000
0.04 -1028
0.0024 -1016
0.0216 -1108
0.0448 -1228
0.0056 -1272
0.0344 -1180
0.004 -996
0.0208 -1076
0.0216 -1060
0.0496 -1176
0.0136 -1040
0.0232 -1208
0.0376 -1220
0.024 -1212
0.0128 -1084
0.0312 -1124
0.0048 -1168
0.0024 -1116
0.0384 -1224
0.0288 -1180
0.0488 -1140
0.0248 -1052
0.0008 -936
0.0296 -820
0.0128 -924
0.0144 -884
0.0208 -996
0.004 -1024
0.0648 -920
0.044 -1044
0.0272 -1032
0.036 -932
0.0472 -984
0.044 -1104
0.0264 -996
0.0032 -1112
0.0248 -1168
0.0064 -1068
0.0264 -1108
0.008 -1092
0.0352 -1124
0.0168 -1036
0.0216 -1080
0.0368 -1120
0.0504 -1008
0.0208 -952
0.0048 -1060
0.0208 -1120
0.0144 -1160
0.0344 -1072
0.0304 -1132
0.0256 -1000
0.0432 -1052
0.0968 -1120
0.0064 -1032
0.036 -1068
0.0272 -1020
0.0296 -1084
0.0072 -1016
0.0296 -1112
0.0448 -1104
0.032 -1068
0.02 -1016
0.0184 -948
0.0048 -1076
0.0216 -1000
0.0144 -1080
0.0032 -1048
0.064 -1080
0.0136 -1048
0.016 -1156
0.0592 -1228
0.008 -1060
0.0072 -1044
0.012 -1056
0.0128 -992
0.0448 -992
0.0112 -1084
0.02 -1088
0.0312 -1072
0.0336 -1120
0.0144 -1092
0.0288 -1148
0.0024 -1036
0.0048 -1040
0.0112 -1120
0.0008 -1040
0.0056 -1072
0.0064 -1100
0.0136 -1108
0.0608 -1084
0.0128 -1052
0.0392 -1084
0.052 -1016
0.0624 -1036
0.0456 -1124
0.0744 -1104
0.0056 -1012
0.0048 -1044
0.0896 -1164
0.0272 -1188
0.036 -984
0.0096 -928
0.0224 -1064
0.0056 -904
0.0136 -860
0.024 -1020
0.0088 -1168
0.0096 -1096
0.064 -1120
0.0784 -1224
0.024 -1092
0.0072 -1032
0.0376 -944
0.032 -1008
0.0176 -1104
0.0104 -1120
0.0216 -1088
0.0088 -1156
0.048 -1092
0.0064 -1036
0.0608 -1060
0.0072 -1144
0.02 -1116
0.0328 -1120
0.0104 -988
0.0104 -996
0.0224 -1120
0.0176 -1128
0.0456 -1100
0.0064 -1096
0.0128 -1060
0.0112 -908
0.0016 -920
0.0512 -936
0.0352 -1056
0.0432 -1204
0 -1020
0.024 -1004
0.0032 -1016
0.0064 -1036
0.0072 -1008
0.052 -1112
0.0312 -1100
0.012 -1036
0.0528 -1068
0.072 -1048
0.0192 -1064
0.0376 -1084
0.0128 -1060
0.02 -1000
0.0584 -1004
0.068 -952
0.0536 -1004
0.0144 -1012
0.0336 -1180
0.0744 -1176
0.0656 -1112
0.0272 -1140
0.048 -1148
0.0064 -1188
0.0008 -1148
0.0088 -1080
0.0088 -1136
0.0368 -1040
0.056 -1048
0.0376 -1192
0.0792 -1168
0.0224 -1164
0.0384 -1128
0.0616 -1144
0.0584 -1112
0.0336 -1132
0.1096 -1240
0.012 -1164
0.0104 -1128
0.024 -1120
0.012 -980
0.0552 -956
0.0144 -1024
0.0376 -916
0.0016 -964
0.024 -952
0.0464 -928
0.0424 -988
0.0664 -1064
0.0144 -1108
0.0128 -1276
0.024 -1216
0.0304 -1236
0.0192 -1140
0.012 -1056
0.0248 -1212
0.0048 -1164
0.0088 -1220
0.0296 -1192
0.0168 -1048
0.024 -1032
0.0312 -1028
0.0352 -1080
0.04 -1060
0.0312 -1160
0.0016 -1244
0.0296 -984
0.0104 -1020
0.0152 -1104
0.0344 -1128
0.036 -1108
0.028 -1048
0.0136 -1072
0.0048 -1248
0.1064 -1196
0.024 -1220
0.032 -1156
0.0336 -1224
0.04 -1132
0.0584 -1092
0.0088 -1012
0.0216 -944
0.02 -1036
0.0328 -956
0.0344 -940
0.0416 -1024
0.0096 -1116
0.0552 -1060
0.0232 -1120
0.0184 -1008
0.0528 -1148
0.0176 -996
0.0352 -1084
0.0344 -1116
0.0248 -1124
0.0192 -1072
0.0464 -1176
0.008 -1068
0.0792 -1044
0.016 -984
0.0008 -964
0.0048 -1056
0.0488 -960
0.056 -1004
0.0032 -980
0.004 -1016
0.0112 -972
0.0312 -1084
0.0112 -1068
0.0224 -1100
0.0368 -1016
0.0632 -1100
0.0064 -992
0.0168 -968
0.0016 -1028
0.0336 -1076
0.0344 -1040
0.0664 -1104
0.0176 -984
0.016 -1072
0.0024 -1052
0.0208 -996
0.0752 -1052
0.0208 -1036
0.0168 -1096
0.0264 -1048
0.0272 -1048
0.0112 -1136
0.028 -1152
0.0432 -1116
0.0176 -988
0.0016 -1084
0.0088 -924
0.044 -980
0.0464 -992
0.056 -1028
0.0136 -1064
0.0048 -1116
0.0264 -1060
0.0344 -1156
0.0248 -1128
0.02 -1172
0.0032 -1048
0.0376 -980
0.0656 -1008
0.0104 -1144
0.0272 -1068
0.0152 -1056
0.0008 -1220
0.0168 -1108
0.0048 -1080
0.0352 -1172
0.0368 -1036
0.02 -1144
0.0392 -1112
0.0232 -1300
0.0024 -1176
0.0048 -1216
0.0016 -1108
0.0408 -1000
0.0544 -896
0.0416 -1060
0.0392 -1060
0.0104 -1020
0.0272 -1124
0.0056 -1052
0.0056 -1192
0.0272 -1172
0.048 -1172
0.0352 -988
0.0096 -1040
0.0592 -992
0.0096 -1100
0.0024 -952
0.0112 -1028
0.0096 -1004
0.0408 -944
0.0368 -868
0 -996
0.0552 -1016
0.0248 -916
0.0368 -892
0.0152 -920
0.0384 -1040
0.0168 -1040
0.008 -1036
0.0056 -1176
0.012 -1120
0.0376 -916
0.008 -1056
0.0008 -1100
0.0208 -924
0.016 -892
0.0472 -964
0.0456 -996
0.0592 -1124
0.0312 -1092
0.036 -1008
0.024 -1096
0.028 -1088
0.0328 -1136
0.0056 -1068
0.004 -1020
0.064 -1120
0.0392 -1268
0.016 -1108
0.0192 -1048
0.0584 -960
0.0008 -1040
0.0552 -1028
0.0032 -952
0.0192 -1088
0.0776 -976
0.0008 -988
0.032 -1008
0.0272 -1064
0.0384 -1072
0.0592 -1008
0.0024 -1116
0.0056 -1176
0.016 -1164
0.036 -1132
0.0304 -1124
0.024 -1064
0.0144 -1160
0.0424 -1040
0.048 -1148
0.0048 -1060
0.0016 -1044
0.0336 -1060
0.0736 -1064
0.0408 -1084
0.0264 -1052
0.0088 -1180
0.0032 -1128
0.036 -1116
0.052 -1068
0.0584 -1132
0.0168 -1244
0.0176 -1016
0.0488 -1064
0.0096 -1040
0.0888 -1180
0.0136 -1076
0.0104 -1124
0.0544 -1012
0.0032 -936
0.0472 -872
0.0504 -1012
0.0264 -1076
0.0584 -1232
0.0176 -1076
0.0304 -1096
0.004 -1004
0.024 -1008
0.0648 -980
0.044 -1040
0.0552 -980
0.0104 -1024
0.0648 -1068
0.0256 -1076
0.0128 -1096
0.0928 -1056
0.0152 -956
0.0224 -1008
0.0272 -1028
0.0352 -996
0.0232 -1084
0.0024 -1036
0.0208 -1156
0.0304 -1028
0.0112 -1040
0.0216 -1072
0.072 -1032
0.0504 -1096
0.0544 -1084
0.02 -1056
0.012 -1080
0.0232 -1032
0.016 -1088
0.032 -1132
0.0184 -1096
0.0032 -1224
0.0248 -1156
0.0624 -1132
0.0048 -1004
0.0112 -1052
0.0112 -1004
0.0168 -1056
0.012 -972
0.0712 -1068
0.0088 -976
0.0192 -1164
0.0216 -1012
0.0296 -996
0.044 -1036
0.0048 -920
0.0248 -972
0.016 -1020
0.012 -1020
0.0008 -1076
0.0176 -1188
0.0064 -1204
0.052 -1228
0.0064 -1080
0.016 -1000
0.0104 -1068
0.0856 -928
0.0472 -1020
0.0416 -1020
0.0032 -960
0.0008 -908
0.0448 -1012
0.0216 -1156
0.016 -1120
0.0128 -1052
0.0232 -976
0.0048 -1116
0.0592 -944
0.004 -924
0.0216 -992
0.0248 -1028
0.0008 -1120
0.032 -1044
0.0208 -1064
0.0136 -1028
0.004 -960
0.0216 -984
0.02 -1068
0.0416 -984
0.0048 -1088
0.0016 -1040
0.0504 -1084
0.0008 -1036
0.004 -968
0.0368 -996
0.0472 -900
0.0224 -1004
0.0352 -916
0.028 -1000
0.008 -1080
0.0416 -1180
0.0376 -1132
0.0576 -1104
0.0104 -1048
0.0032 -1032
0.0488 -1140
0.016 -1136
0.028 -1088
0.0616 -1056
0.0696 -1140
0.0696 -1072
0.04 -936
0.0232 -1028
0.0016 -1104
0.0008 -1108
0.008 -1144
0.0688 -944
0.028 -1068
0.0424 -924
0.0464 -1032
0.0032 -968
0.0704 -900
0.0128 -1036
0.048 -1104
0.0168 -1060
0.0392 -1060
0.0016 -1004
0.0216 -968
0.0552 -912
0.0256 -1068
0.0104 -1068
0.0408 -1080
0.0288 -1156
0.0016 -1156
0.008 -1156
0.0824 -1168
0.0264 -944
0.0392 -1104
0.0632 -1052
0.0096 -1068
0.0376 -1060
0.0032 -1044
0.032 -1048
0.0216 -1116
0.0504 -1192
0.032 -1148
0.024 -1096
0.0432 -1168
0.0048 -1116
0.0064 -1064
0.0344 -1044
0.016 -924
0.0648 -1032
0.0096 -980
0.012 -1056
0.0112 -1132
0.0544 -1072
0.0224 -1044
0.0328 -1144
0.0296 -1056
0.0512 -1128
0.0256 -1140
0.0064 -1140
0.0384 -1080
0.0216 -1104
0.0192 -1056
0.0552 -1000
0.0512 -1076
0.0264 -1060
0.012 -1084
0.004 -1100
0.0624 -892
0.0456 -1004
0.0192 -980
0.0208 -1104
0.0376 -1088
0.0736 -1164
0.0176 -1004
0.028 -1016
0.0208 -1100
0.0752 -1176
0.0184 -1092
0.0184 -1076
0.0384 -1212
0.008 -952
0.0504 -1000
0.0336 -1052
0.0144 -1004
0.0064 -1096
0.0088 -1072
0.044 -1164
0.0064 -980
0.032 -928
0.0192 -972
0.0056 -1104
0.0192 -1052
0.0624 -1116
0.0064 -916
0.0032 -932
0.0088 -956
0.0568 -1044
0.0352 -1120
0.0056 -976
0.0128 -976
0.0272 -980
0.0408 -964
0.044 -964
0.004 -1028
0.004 -1004
0.0128 -1092
0.0112 -1072
0.028 -1072
0.0176 -956
0.0104 -1008
0.032 -1132
0.0144 -1008
0.0248 -1068
0.0304 -1064
0.0304 -1076
0.0272 -1052
0.0272 -1104
0.0048 -1104
0.0144 -1244
0.0072 -1152
0.0264 -1120
0.0256 -1168
0.0176 -1072
0.0344 -1056
0.016 -968
0.016 -976
0.0088 -976
0.0016 -968
0.0176 -1080
0.0168 -1016
0.0088 -968
0.0168 -1016
0.016 -1072
0.0368 -980
0.016 -1012
0.0352 -1016
0.0136 -1236
0.0392 -1060
0.0072 -1076
0.0024 -1248
0.008 -1064
0.0464 -1100
0.0544 -1124
0.0016 -1172
0.0368 -1216
0.0296 -1136
0.0432 -1016
0.0376 -1028
0.0576 -1020
0.0432 -1032
0.0328 -1092
0.0144 -1120
0.0568 -1220
0.0216 -1016
0.012 -1024
0.068 -1116
0.0016 -1040
0.0096 -1000
0.024 -1000
0 -972
0.0032 -956
0.032 -1020
0.016 -940
0.0168 -1152
0.036 -1096
0.056 -1112
0.004 -1028
0.0176 -1104
0.0216 -1032
0.008 -1096
0.0128 -1084
0.0072 -1044
0.008 -964
0.0088 -1036
0.0048 -960
0.0736 -996
0.0024 -1024
0.0336 -912
0.016 -984
0.0152 -1140
0.056 -1032
0.0168 -1080
0.0056 -1148
0.0152 -1084
0.0152 -1092
0.0168 -1220
0.0304 -1180
0.0264 -1048
0.0104 -1064
0.0472 -1096
0.048 -1076
0.0296 -1084
0.044 -1116
0.0192 -1012
0.0224 -1112
0.0184 -1064
0.0216 -1064
0.0376 -1056
0.0184 -1092
0.0488 -1060
0.0248 -1028
0.0176 -1032
0.036 -1144
0.076 -1072
0.0448 -1028
0.0112 -1072
0.0512 -1064
0.0256 -1016
0 -1136
0.0376 -1128
0.0256 -1100
0.0312 -1140
0.028 -1076
0.016 -976
0.0384 -1080
0.028 -1160
0.0024 -1140
0.0136 -1060
0.0016 -1116
0.0464 -1052
0.0328 -1128
0.0016 -1108
0.0776 -1084
0.0088 -1096
0.0264 -1084
0.0144 -1024
0.0144 -996
0.044 -932
0.0288 -972
0.0104 -1064
0.004 -1180
0 -1212
0.0512 -1248
0.0432 -1092
0.0176 -1052
0.0312 -1120
0.0304 -1060
0.0152 -972
0.0224 -1084
0.0168 -1108
0.0952 -1016
0.02 -1072
0.0264 -1060
0.0008 -1100
0.0376 -1064
0.032 -1004
0.0384 -1004
0.0056 -1020
0.0112 -1108
0.0248 -1036
0.0184 -976
0.0184 -1040
0.0568 -1152
0.044 -1136
0.052 -1020
0 -1116
0.0488 -1148
0.0568 -1060
0.044 -1096
0.0248 -948
0.0136 -1064
0.032 -1084
0.0104 -1040
0.0552 -1172
0.0192 -1088
0.008 -1136
0.0184 -936
0.0056 -1036
0.0024 -1088
0.0208 -1116
0.012 -1192
0.0512 -1104
0.0424 -1096
0.048 -1164
0.044 -1080
0.0016 -988
0.0368 -984
0.0288 -1008
0.0352 -1000
0.02 -1136
0.028 -1108
0.0088 -1056
0.0008 -992
0.0208 -1004
0.06 -908
0.0472 -1148
0.0312 -1104
0.0184 -1028
0.0576 -1068
0.012 -1044
0.0168 -1040
0.0144 -1080
0.02 -1060
0.0568 -988
0.0168 -1008
0.1008 -1168
0.0152 -1116
0.0368 -1152
0.0056 -1200
0.0328 -1080
0.0032 -1112
0.0016 -1076
0.0896 -1052
0.0432 -1016
0.0264 -1032
0.0176 -956
0.0216 -932
0.0584 -1076
0.0808 -1048
0.0328 -1012
0.0192 -948
0.0336 -896
0.0048 -1048
0.06 -1100
0.008 -1028
0.0264 -1100
0.024 -1060
0.036 -1008
0.0336 -1072
0.0072 -1016
0.0304 -1076
0.0096 -1232
0.0704 -1204
0.0208 -1112
0.0616 -1068
0.0048 -1076
0.0392 -1124
0.0088 -1140
0.0208 -1136
0.0808 -1164
0.016 -1196
0.0216 -1200
0.0096 -1132
0.0392 -1032
0.0352 -1092
0.0128 -1120
0.0328 -1068
0.0328 -1044
0.0096 -980
0.0088 -1148
0.0424 -1064
0.0016 -1104
0.0104 -992
0.0304 -1100
0.0336 -980
0.0248 -1052
0.012 -1108
0.0128 -1244
0.0152 -1096
0.0056 -1112
0.0144 -1184
0.0072 -1164
0.0224 -1092
0.0104 -1048
0.0216 -932
0.0072 -1056
0.0256 -1148
0.0536 -1072
0.0304 -1144
0.0336 -1112
0.0112 -1020
0.0032 -1240
0.0472 -1236
0.0112 -1044
0.008 -1052
0.0376 -1084
0.0112 -1108
0.0432 -1016
0.0136 -944
0.0064 -964
0.0424 -956
0.0664 -1008
0.0048 -1100
0.0072 -1108
0.0152 -1088
0.0088 -1000
0.0544 -1036
0.0264 -940
0.0008 -908
0.0024 -1024
0.0072 -940
0.0576 -1064
0.0256 -952
0.0136 -1076
0.0592 -1112
0.0232 -1128
0.0176 -1168
0.084 -1064
0.0032 -1012
0.004 -1128
0.0864 -1108
0.0008 -1012
0.044 -1024
0.012 -1196
0.0256 -1208
0.0192 -1188
0.0152 -1100
0.0128 -1092
0.0376 -1104
0.0152 -1100
0.0048 -1128
0.0008 -1300
0.0168 -1096
0.0024 -996
0.0056 -1032
0.0448 -1052
0.044 -1012
0.0304 -1060
0.0504 -988
0.0208 -1008
0.0152 -1012
0.0128 -1124
0 -1064
0.0136 -1164
0.084 -1172
0.0456 -1104
0.0288 -1092
0.0264 -1032
0.052 -984
0.0088 -1120
0.0152 -1020
0.016 -988
0.024 -976
0.0336 -1028
0.0072 -1012
0.0128 -1080
0 -956
0.0368 -920
0.0032 -1000
0.0168 -948
0.0584 -1032
0.008 -972
0.0264 -992
0.0088 -1080
0.1248 -1256
0.0464 -1200
0.0216 -1204
0.048 -1076
0.0248 -1064
0.0464 -1052
0.0008 -1028
0.0344 -884
0.0208 -968
0.032 -1076
0.028 -1100
0.0056 -1092
0.004 -1052
0.0264 -996
0.0432 -988
0.0344 -1108
0.0688 -908
0.0248 -1116
0.012 -1020
0.0136 -1088
0.0496 -1084
0.0216 -1036
0.0096 -1004
0.0696 -920
0.0352 -1048
0.008 -892
0.0296 -1032
0.0536 -1040
0.068 -996
0.0648 -928
0.0968 -944
0.0336 -956
0.016 -1036
0.0616 -1044
0.0488 -1072
0.0184 -972
0.0144 -924
0.0312 -936
0.0376 -1120
0.0208 -1048
0.0056 -1092
0.0248 -996
0.0536 -1104
0.0544 -1088
0.024 -1032
0.024 -1060
0.0536 -1200
0.016 -1136
0.0136 -1128
0.0056 -1088
0.008 -1076
0.0008 -1092
0.0016 -1092
0.0248 -1012
0.0024 -980
0.0752 -1016
0.0712 -968
0.0672 -1048
0.0016 -1172
0.0096 -1152
0.0104 -1164
0.0704 -1120
0.0272 -980
0.0288 -1212
0.0504 -1040
0.036 -1064
0.0384 -1112
0.0232 -1104
0.0312 -1076
0.0096 -1052
0.0336 -960
0.0256 -1020
0.0016 -1048
0.0472 -1080
0.0088 -1056
0.0088 -1132
0.0424 -1128
0.0104 -1088
0.0168 -1056
0.004 -960
0.0008 -1076
0.0088 -1164
0.0328 -1244
0.0592 -1196
0.0344 -1204
0.0008 -980
0.028 -1060
0.0312 -1008
0.0048 -1080
0.0392 -1092
0.0056 -1180
0.0256 -1100
0.0128 -1024
0.0952 -1200
0.0184 -1160
0.0496 -1148
0.0496 -1136
0.0688 -1000
0.0464 -1168
0.0288 -1068
0.0448 -1104
0.0384 -1052
0.0208 -1108
0.024 -1192
0.028 -1072
0.0504 -1236
0.048 -1096
0.02 -1176
0.052 -1168
0.0072 -1128
0.0416 -1160
0.0888 -1136
0.0848 -1196
0.02 -1124
0.0152 -1016
0.0016 -1000
0.016 -1100
0.0072 -880
0.0256 -944
0.0592 -1064
0.0392 -1020
0.0016 -1072
0.0224 -1000
0.0184 -1076
0.0568 -1020
0.0312 -1008
0.0144 -1048
0.0568 -1100
0.0344 -1216
0.0632 -1076
0.0088 -1068
0 -1004
0.0376 -1128
0.0104 -1044
0.0184 -1020
0.0104 -1052
0.0008 -1088
0.0344 -1104
0.0416 -1104
0.0344 -1084
0.0024 -1096
0.0048 -1012
0.04 -1012
0.0432 -1012
0.0288 -1012
0.0168 -1012
0.0056 -1020
0.06 -1016
0.016 -1128
0.0464 -1044
0.0536 -1120
0.0192 -1092
0.0344 -1100
0.032 -1152
0.004 -1148
0.0096 -1004
0.0216 -1084
0.064 -1048
0.0688 -964
0.0016 -964
0.016 -968
0.0032 -968
0.0456 -1056
0.0056 -956
0.0232 -1000
0.0496 -1036
0.0424 -1016
0.04 -1072
0.0248 -1032
0.0816 -1040
0.0504 -1132
0.0456 -1140
0.0112 -1064
0.0432 -1040
0.0328 -1016
0.0008 -1000
0.052 -1004
0.0216 -1116
0.0504 -988
0.0344 -912
0.0992 -952
0.0288 -1024
0.0472 -916
0.0152 -1024
0.0168 -1044
0.0288 -1080
0.0392 -1048
0.0176 -1040
0.0024 -1208
0.0104 -996
0.0408 -1100
0.0192 -1088
0.0456 -1068
0.004 -1116
0.0192 -1048
0.012 -940
0.032 -1000
0.0136 -1036
0.0064 -984
0.0016 -1072
0.0376 -984
0.0232 -1016
0.0528 -1200
0.0168 -976
0.044 -1068
0.0184 -1056
0.0656 -1020
0.0096 -1052
0.0048 -1056
0.0048 -1116
0.0296 -1080
0.0024 -1056
0.0424 -1116
0.0016 -1008
0.0112 -984
0.0296 -1044
0.0128 -1096
0.0408 -996
0.0776 -972
0 -880
0.0432 -928
0.0064 -1024
0.0064 -1088
0.0312 -992
0.0072 -1044
0.0056 -1080
0.0168 -1028
0.048 -1140
0.0272 -964
0.0504 -1020
0.0144 -1116
0.0416 -1092
0.016 -1064
0.0288 -1124
0.0208 -1036
0.0256 -1032
0.0048 -1036
0.0072 -1040
0.0096 -1040
0.0056 -1092
0.0008 -1080
0.028 -1144
0.0024 -1132
0.0688 -1116
0.0632 -1100
0.0464 -1108
0.02 -1072
0.0128 -972
0.0248 -1044
0.0008 -1012
0.0232 -1072
0.0144 -1172
0.004 -1160
0.0152 -1164
0.0616 -1180
0.0408 -1196
0.0288 -1108
0.0008 -1152
0.0104 -1020
0.0096 -1000
0.0208 -1060
0.0264 -1140
0.0392 -1024
0.0232 -1072
0.0264 -1168
0.0096 -1148
0.0368 -952
0.0368 -1240
0.0344 -1108
0.0168 -1140
0.0216 -1080
0.04 -984
0.0128 -1040
0.0216 -972
0.0288 -1152
0.0288 -1028
0.0016 -1140
0.0688 -1140
0.004 -1056
0.0704 -1092
0.0112 -1136
0.0424 -1120
0.0608 -1104
0.0424 -1172
0.0296 -1152
0.0576 -1160
0.0392 -1084
0.0216 -1024
0.0112 -1152
0.028 -1100
0.032 -932
0.0048 -1016
0.064 -1152
0.0016 -1028
0 -1068
0.0048 -1064
0.0136 -1028
0.0224 -992
0.0136 -908
0.0256 -832
0.0408 -1028
0.02 -916
0.0224 -1148
0.0688 -1044
0.0584 -1040
0.0184 -1012
0.0176 -1076
0.0232 -1152
0.0112 -1036
0.0144 -1024
0.0016 -1032
0.0448 -1096
0.0336 -1012
0.0336 -956
0.004 -1096
0.0512 -1092
0.0008 -1044
0.06 -1132
0.0096 -1184
0.0256 -1104
0.012 -1092
0.0048 -1092
0.0536 -1020
0.0688 -1072
0.004 -1008
0.0128 -1068
0.0184 -1012
0.0368 -1104
0.0112 -1120
0 -1004
0.0008 -1036
0.02 -1048
0.056 -1136
0.0568 -1076
0.004 -1028
0.0016 -1156
0.0184 -1268
0.0112 -1064
0.0016 -1020
0.0136 -1036
0.0056 -1040
0.0104 -1012
0.0144 -1036
0.024 -1120
0.012 -1072
0.0088 -1092
0.0688 -952
0.0032 -1080
0.012 -1020
0.012 -1020
0.0304 -1112
0.0008 -1148
0.008 -1076
0.0016 -1048
0.0368 -1040
0.016 -1108
0.0064 -1044
0.0296 -1048
0.0104 -1020
0.0088 -1080
0.0248 -1092
0.0376 -980
0.0176 -1092
0.0024 -1032
0.0072 -1132
0.0024 -1164
0.004 -1220
0.0312 -1204
0.044 -1196
0.0816 -1196
0.0984 -1184
0.0112 -1184
0.0008 -1092
0.0264 -1008
0.0224 -1008
0.0344 -1064
0.0312 -1048
0.0032 -1076
0.0024 -1100
0.0464 -1100
0.0112 -1172
0.008 -1108
0.0264 -1060
0.0192 -1128
0.0384 -1096
0.0264 -1120
0.0448 -1056
0.0328 -1040
0.0344 -1080
0.0416 -1152
0.0104 -1080
0.0384 -1148
0.04 -1120
0.0112 -1092
0.032 -1156
0.028 -1092
0.068 -1092
0.02 -1016
0.028 -940
0.0192 -1076
0.048 -1048
0.0992 -1056
0.0344 -1036
0.02 -916
0.0344 -984
0.0216 -1016
0.0472 -1080
0.0344 -1092
0.0024 -1144
0.0456 -1040
0.0072 -1024
0.0232 -864
0.0248 -992
0.004 -904
0.056 -1048
0.072 -1072
0.0744 -1176
0.056 -972
0.0384 -1024
0.0984 -1108
0.0496 -1076
0.004 -1148
0.0456 -1000
0.0128 -1048
0.0304 -920
0.0056 -972
0.0024 -1032
0.0152 -1004
0.0072 -936
0.0192 -1088
0.0296 -1088
0.0424 -1112
0.04 -1156
0.0184 -1100
0.0048 -1092
0.0144 -1008
0.0536 -952
0.0224 -1068
0.0792 -968
0.0208 -1012
0.0216 -1040
0.0576 -1112
0.0192 -1092
0.0288 -1120
0.0384 -1092
0.0232 -1016
0.0168 -1088
0.0616 -1024
0.004 -1060
0.0216 -1000
0.0088 -1064
0.044 -1000
0.036 -1048
0.0552 -1068
0.0784 -1000
0.0216 -1052
0.0088 -1012
0.0008 -1008
0.0184 -1120
0.0376 -1112
0.0088 -1176
0.0248 -996
0.0296 -1012
0.0032 -804
0.0648 -1048
0.0136 -1024
0.0096 -1044
0.0032 -1028
0.0088 -1100
0.0064 -1048
0.0264 -1008
0.0264 -1016
0.0216 -1140
0.1216 -1152
0.0312 -1064
0.0136 -1028
0.0072 -1148
0.0256 -1152
0.0088 -1084
0.0152 -1040
0.0336 -1108
0.0216 -1028
0.0192 -1040
0.0256 -1104
0.0048 -1084
0.052 -1224
0.0088 -1108
0.0536 -1084
0.0144 -1068
0.0472 -976
0.0096 -964
0.0688 -1120
0.0632 -1196
0.0448 -1136
0.0064 -1044
0.024 -1056
0.0536 -1084
0.0384 -1068
0.0328 -1100
0.0304 -1032
0.024 -1096
0.0192 -1072
0.0192 -952
0.0152 -984
0.0288 -1148
0.0176 -940
0.0432 -944
0.0392 -1084
0.0352 -1016
0.02 -1008
0.0048 -1076
0.0016 -1156
0.0016 -1072
0.0208 -1096
0.0416 -1092
0.008 -1036
0.084 -1084
0.0016 -1020
0.0632 -1200
0.0296 -1128
0.0688 -1132
0.0056 -1092
0.052 -1044
0.032 -992
0.0168 -872
0.0496 -960
0.0328 -940
0.0424 -1124
0.0336 -1140
0.0272 -1236
0.0104 -1056
0.0152 -1044
0.0176 -1060
0.0048 -916
0.0736 -1048
0.0352 -980
0.0216 -1080
0.0296 -1068
0.0216 -1052
0.0312 -1048
0.0936 -1148
0.044 -1116
0.0136 -1040
0.0016 -948
0.0488 -984
0.0736 -1112
0.0112 -1172
0.0056 -1072
0.0064 -1012
0.064 -868
0.016 -920
0.0456 -1100
0.0272 -1048
0.0152 -1096
0.0176 -1180
0.0568 -1128
0.0016 -1128
0.0048 -1084
0.0144 -992
0.0072 -1096
0.0096 -1040
0.016 -952
0.0112 -972
0.0216 -980
0.0032 -968
0.02 -948
0.0024 -1040
0.0024 -980
0.0328 -1048
0.0256 -884
0.0264 -1104
0.0128 -1048
0.0344 -1012
0.036 -900
0.0056 -1100
0.0256 -956
0.04 -1096
0.0184 -1064
0.0352 -1108
0.0312 -1096
0.0256 -1144
0.032 -1160
0.0208 -1232
0.0056 -1128
0.076 -1152
0.0128 -1072
0.028 -1088
0.0032 -1056
0.0112 -1104
0.0248 -1108
0.0304 -1136
0.06 -1016
0.0304 -1088
0.0016 -944
0.0384 -1036
0.0224 -1100
0.0128 -1156
0.0416 -996
0.0032 -968
0.0408 -1000
0.004 -1032
0.0096 -1020
0.1008 -1096
0 -1168
0.0272 -1008
0.0072 -920
0.0336 -988
0.056 -988
0.0704 -1000
0.0264 -1008
0.0528 -1036
0.004 -1044
0.012 -1036
0.0112 -1072
0.0112 -1084
0.028 -1028
0.0632 -1172
0.0088 -1072
0.0552 -1180
0.0784 -1168
0.0136 -1032
0.044 -1168
0.0064 -1148
0.0232 -1120
0.0624 -1096
0.0936 -1152
0.1192 -1032
0.0328 -1156
0.0088 -956
0.0184 -972
0.0432 -904
0.032 -1016
0.068 -1056
0.0376 -960
0.0104 -936
0.0288 -1024
0.0136 -1092
0.0456 -1112
0.0368 -1160
0.024 -1212
0.032 -1072
0.0528 -1152
0.0056 -956
0.0008 -972
0.072 -976
0.0256 -1044
0.0016 -1040
0.0024 -1032
0.0112 -1064
0.0064 -968
0.0448 -864
0.0104 -980
0.0384 -1096
0.0488 -1168
0.044 -1020
0.0416 -1116
0.0264 -1000
0.0288 -1032
0.0096 -1192
0.0024 -1132
0.02 -1180
0.0472 -1208
0.0216 -1068
0.016 -996
0.0408 -996
0.0224 -912
0.0256 -948
0.0296 -856
0.06 -964
0.0184 -1000
0.0624 -920
0.048 -1020
0.0072 -1024
0.0136 -1148
0.0128 -1164
0.0088 -984
0.0224 -1036
0.0328 -1148
0.0352 -1052
0.0472 -1016
0.0344 -1028
0.0448 -1008
0.0056 -1112
0.0168 -1160
0.0208 -1004
0.0304 -1080
0.044 -1020
0.048 -1056
0.0096 -952
0.0368 -956
0.0096 -1060
0.024 -1128
0.0232 -1020
0.0352 -1088
0.0536 -1052
0.0112 -1112
0.0008 -1040
0.0224 -1076
0.0024 -1120
0.0248 -1204
0.0336 -1096
0.1104 -1064
0.0408 -1060
0.0616 -1016
0.0344 -1040
0.0336 -1156
0.0272 -1120
0.0368 -1104
0.0112 -1116
0.0024 -1080
0.0352 -1056
0.0664 -1000
0.0184 -1036
0.036 -1016
0.0136 -996
0.0384 -1080
0.0328 -1116
0.0264 -1096
0.0248 -1036
0.0296 -1208
0.028 -1264
0.056 -1168
0.0024 -1124
0.0056 -1020
0.044 -976
0.008 -972
0.0144 -1180
0.0376 -1084
0.0456 -1064
0.0664 -1124
0.004 -1084
0.0328 -1064
0.0272 -1052
0.0344 -1084
0.0216 -1104
0.02 -1148
0.0224 -1060
0.0232 -1060
0.0136 -1140
0.0128 -1140
0.0024 -1244
0.0072 -1080
0.0144 -1084
0.0528 -984
0.0096 -1124
0.0048 -1124
0.0136 -1092
0.0152 -1056
0.0192 -1068
0.0136 -908
0.0296 -900
0.048 -1036
0.0056 -1000
0.0424 -1016
0.0112 -1044
0.0016 -1116
0.0136 -1088
0.0112 -1044
0.0368 -1020
0.0152 -1076
0.0112 -1032
0.024 -1020
0.004 -1124
0.0312 -1068
0.0192 -912
0.0024 -1028
0.0152 -1152
0.0264 -992
0.0168 -976
0.0024 -1012
0.0016 -944
0.0344 -1076
0.0056 -1036
0.044 -1104
0.0512 -976
0.0368 -916
0.0184 -948
0.0104 -916
0.0592 -884
0.02 -968
0.0296 -924
0.0288 -1008
0.084 -1040
0.0112 -1052
0.0296 -1128
0.02 -1144
0.0072 -1064
0.0032 -1080
0.0104 -972
0.0288 -1008
0.0448 -1020
0.08 -1180
0.0136 -1072
0.0144 -1136
0.0112 -992
0.0112 -1056
0.04 -1128
0.0232 -1192
0.028 -1128
0.0544 -1132
0.0232 -1224
0.016 -1228
0.0224 -1220
0.0032 -1080
0.0536 -1136
0.0144 -1140
0.0368 -1064
0.012 -1000
0.0248 -984
0.0048 -916
0.0072 -1076
0.0376 -1020
0.0568 -940
0.0208 -1072
0.0032 -1092
0.0112 -1040
0.0352 -1004
0.0304 -1060
0.0296 -1040
0.052 -1060
0.0336 -1012
0.028 -1064
0.0064 -972
0.0448 -960
0.0224 -984
0.0208 -980
0 -1004
0.0144 -896
0.0032 -1032
0.0176 -1000
0.0248 -1104
0.0112 -1164
0.0128 -1048
0.0208 -1100
0.04 -1060
0.0096 -1000
0.0352 -980
0.0312 -1088
0.0352 -1040
0.0528 -1020
0.044 -1036
0.0336 -1008
0.0392 -1220
0.0064 -1184
0.0344 -1076
0.0248 -1096
0.0136 -1104
0.0544 -1052
0.012 -1080
0.0648 -1112
0.0248 -1056
0.0392 -1016
0.0248 -1056
0.0048 -1140
0.0336 -1168
0.0368 -1064
0.0072 -908
0.0264 -904
0.0032 -948
0.0272 -976
0 -1012
0 -1104
0.0112 -1104
0.0496 -1220
0.0424 -1196
0.0304 -1004
0.0224 -1064
0.0376 -1028
0.0216 -1096
0.0128 -1028
0.0304 -976
0.028 -932
0.0064 -908
0.0112 -972
0.0408 -984
0.0592 -1020
0.0088 -1056
0.0072 -1084
0.0016 -1088
0.012 -1148
0.036 -1032
0.0688 -972
0.0224 -1008
0.024 -1080
0.0168 -1088
0.0176 -992
0.0128 -1008
0.016 -1044
0.0552 -1140
0.0064 -1192
0 -1248
0.0312 -1168
0.0408 -1120
0.0424 -1148
0.0384 -1096
0.004 -1176
0.0256 -1060
0.0344 -1104
0.0488 -972
0.012 -908
0.016 -1008
0.0368 -1104
0.0048 -1040
0.0072 -1108
0.0088 -1156
0.0016 -1196
0.0216 -1288
0.0048 -1280
0.0208 -1232
0.012 -1224
0.0128 -1068
0.012 -1104
0.0208 -1116
0.0312 -1000
0.0296 -1096
0.0088 -1128
0.024 -1152
0.0392 -1116
0.056 -1088
0.0568 -1160
0.0136 -1124
0.0176 -1156
0.0184 -1184
0.0184 -1204
0.0312 -1252
0.0144 -1300
0.0776 -1180
0.0184 -1048
0.064 -1140
0.0416 -1060
0.0304 -1000
0.04 -1096
0.044 -1184
0.0376 -1160
0.0024 -1140
0.0144 -1156
0.0216 -1036
0.056 -1124
0.0184 -1084
0.0144 -1028
0 -1108
0.0024 -1104
0.0248 -1072
0.0112 -976
0.0056 -912
0.0352 -936
0.06 -1036
0.0504 -924
0.0336 -972
0.016 -960
0.072 -1036
0.0504 -1088
0.0136 -1020
0.0784 -1016
0.0024 -1004
0.0016 -1016
0.0296 -960
0.0232 -944
0.0456 -916
0.0032 -1148
0.0448 -1076
0.0072 -1052
0.0312 -1112
0.0112 -1012
0.008 -1072
0.0008 -1040
0.0168 -1108
0.0136 -996
0.0328 -940
0.0112 -844
0.004 -908
0.012 -976
0.028 -952
0.0008 -1040
0.0584 -1012
0.016 -1064
0.0104 -1112
0.052 -1004
0.028 -1068
0.0472 -1096
0.0312 -984
0.0264 -1060
0.0192 -1108
0.0152 -1120
0.0376 -1112
0.02 -1100
0.0344 -1072
0.0664 -1104
0.0064 -1124
0.004 -1020
0.0216 -1096
0.0256 -1108
0.0528 -1048
0.008 -1076
0.0176 -1072
0.0024 -1100
0.0656 -1088
0.0136 -1180
0.0312 -1128
0.0408 -1024
0.0152 -1076
0.0568 -1160
0.0472 -1128
0.0072 -1108
0.0344 -1052
0.0064 -1044
0.0208 -1004
0.028 -1024
0.084 -980
0.0272 -984
0.0056 -960
0.008 -1012
0.0272 -984
0.004 -1000
0.0704 -1032
0.0248 -1140
0.0224 -1084
0.0128 -1112
0.0112 -1124
0.0424 -1240
0.0344 -1084
0.0832 -1072
0.0176 -964
0.0112 -948
0.052 -896
0.0344 -988
0.004 -1108
0.0488 -1124
0.0064 -1224
0.0304 -1120
0.0184 -1000
0.0064 -1056
0.0528 -1128
0.0392 -1184
0.0112 -1108
0.0248 -1024
0.0168 -1056
0.0336 -1060
0.0064 -988
0.0296 -1080
0.0072 -1088
0.016 -1036
0.0216 -952
0.02 -1096
0.02 -1048
0.0808 -1072
0.0384 -1076
0.0104 -1120
0.0408 -1088
0.0176 -1144
0.0376 -1076
0.0208 -1028
0.0016 -1076
0.0208 -1076
0.0224 -1108
0.0152 -1052
0.0392 -920
0.0144 -972
0.0072 -1080
0.0024 -976
0.0032 -1064
0.0824 -1032
0.0096 -1148
0.0496 -1116
0.0016 -1140
0.0272 -1032
0.0016 -984
0.0016 -972
0.0368 -1100
0.0088 -1112
0.0152 -1152
0.0016 -1128
0.0432 -956
0.0152 -944
0.0056 -996
0.016 -1104
0.0088 -1140
0.0112 -1116
0.0032 -1104
0.0168 -1064
0.012 -1048
0.0368 -1056
0.0016 -1020
0.0128 -1168
0.0352 -1064
0.068 -1256
0.0376 -1084
0.0528 -1144
0.0024 -1048
0.0456 -980
0.0256 -1088
0.0064 -980
0.008 -1076
0.0096 -1140
0.0472 -1152
0.0376 -1068
0.0616 -1100
0.0048 -1016
0.0448 -1092
0.0032 -1124
0.0504 -1112
0.0176 -1024
0.0184 -968
0.0336 -1136
0.016 -1076
0.0128 -1072
0.0168 -1060
0.06 -1112
0.0456 -1072
0.0056 -888
0.0256 -956
0.0632 -1220
0.0072 -1088
0.0048 -1116
0.0336 -1112
0.0296 -968
0.0504 -940
0.052 -1088
0.016 -1144
0.0096 -1096
0.0232 -1104
0.0744 -1136
0.0112 -1056
0.0136 -1000
0.02 -1132
0.0512 -1048
0.0224 -1124
0.0424 -1144
0.008 -1104
0.0368 -1012
0.0232 -1032
0.0304 -1044
0.0136 -984
0.0232 -976
0.0232 -1008
0.0256 -1224
0.0288 -1108
0.0072 -1128
0.028 -1084
0.0224 -1192
0.0008 -1128
0.0248 -1228
0.0008 -1144
0.0008 -1088
0.0296 -1152
0.0144 -1048
0.008 -1072
0.0264 -1056
0.0144 -1164
0.0016 -1092
0.0128 -1008
0.004 -1120
0.0136 -1048
0.0464 -1124
0.0032 -1132
0.0064 -1072
0.0528 -1032
0.0208 -1128
0.0064 -920
0.024 -1024
0.0176 -1040
0.0144 -984
0.0352 -1028
0.0504 -1152
0.0016 -1072
0.0176 -1148
0.0008 -1104
0.008 -1116
0.0056 -1188
0.0352 -1124
0.0032 -1100
0.0184 -1108
0.0112 -992
0.0128 -968
0.0544 -976
0.0608 -932
0.0216 -844
0.068 -908
0.028 -896
0.0256 -1136
0.0872 -1200
0.0336 -1104
0.004 -1204
0.0368 -1120
0.0424 -1076
0.044 -1088
0.0584 -1088
0.0152 -1208
0.0032 -1164
0.0056 -1056
0.0008 -1100
0.0352 -1156
0.0248 -1176
0.0776 -1128
0.0352 -1100
0.0016 -1020
0.06 -976
0.0592 -992
0.0112 -1000
0.004 -944
0.0776 -1120
0.0168 -996
0.0328 -1044
0.0448 -1128
0.0704 -1112
0.0016 -1152
0.028 -1024
0.0136 -1112
0.0184 -1212
0.0184 -1144
0.0424 -1136
0.0536 -1044
0.0016 -1108
0.0016 -1032
0.0104 -1008
0.0408 -1100
0.0248 -1108
0.0232 -1148
0.0272 -1292
0.048 -1204
0.004 -1204
0.0024 -1084
0.016 -1200
0.0104 -1168
0.0304 -1044
0.0144 -1000
0.012 -976
0.0456 -980
0.0064 -1040
0.0256 -996
0.0096 -1040
0.0336 -1144
0.004 -1080
0.044 -1156
0.0192 -1016
0.016 -912
0.0592 -1084
0.0088 -1100
0.0384 -1056
0.0256 -1000
0.0048 -904
0.0264 -1008
0.0648 -1124
0.0248 -1088
0.0112 -1044
0.0096 -1168
0.0032 -1104
0.0112 -1072
0.0448 -1068
0.0184 -1068
0.0032 -1072
0.02 -1060
0.088 -1200
0.0032 -1024
0.0584 -1080
0.0248 -1084
0.0256 -1080
0.0464 -936
0.068 -1128
0.0192 -1128
0.0464 -1112
0.0128 -1036
0.0472 -1056
0.0368 -1088
0.0096 -1032
0.0016 -984
0.0336 -1036
0.0032 -984
0.0208 -1092
0.0008 -1044
0.008 -928
0 -996
