0.0952 -1380
0.1144 -2216
0.1264 -2576
0.1712 -2804
0.1664 -2904
0.1592 -2920
0.0968 -3148
0.1112 -3096
0.0488 -3304
0.06 -3184
0.0768 -3364
0.0608 -3228
0.04 -3160
0.0168 -3228
0.0112 -3168
0.0592 -3208
0.0736 -3312
0.0328 -3240
0.0016 -3256
0.0208 -3328
0.0032 -3420
0.0048 -3384
0.016 -3388
0.0176 -3384
0.0032 -3488
0.0176 -3324
0.0096 -3408
0.0528 -3304
0.0032 -3276
0.0008 -3244
0.0608 -3176
0.1136 -3352
0.1424 -3396
0.1184 -3264
0.1416 -3244
0.1328 -3348
0.1552 -3308
0.1992 -3348
0.232 -3396
0.2192 -3444
0.2664 -3636
0.2352 -3544
0.2616 -3372
0.2728 -3556
0.256 -3520
0.2712 -3348
0.3288 -3512
0.288 -3404
0.2872 -3384
0.2928 -3508
0.268 -3524
0.3056 -3504
0.252 -3296
0.2664 -3408
0.2376 -3564
0.2528 -3464
0.2976 -3400
0.3184 -3360
0.3152 -3384
0.3504 -3508
0.3856 -3436
0.396 -3448
0.396 -3508
0.4024 -3512
0.3568 -3396
0.392 -3480
0.4072 -3464
0.3768 -3384
0.392 -3400
0.4184 -3340
0.3672 -3276
0.36 -3380
0.3432 -3436
0.3864 -3540
0.4304 -3504
0.4472 -3564
0.4176 -3572
0.4344 -3464
0.3824 -3208
0.3792 -3200
0.4 -3356
0.4368 -3300
0.4312 -3244
0.4664 -3456
0.4616 -3364
0.4736 -3424
0.5432 -3448
0.536 -3332
0.5496 -3256
0.5776 -3464
0.5904 -3564
0.6152 -3540
0.6152 -3568
0.5688 -3496
0.5472 -3408
0.54 -3408
0.5744 -3604
0.5728 -3524
0.6304 -3676
0.5928 -3516
0.6056 -3604
0.572 -3496
0.5648 -3464
0.5616 -3664
0.5848 -3744
0.5856 -3640
0.6088 -3636
0.608 -3400
0.6192 -3412
0.6264 -3460
0.6696 -3556
0.6296 -3412
0.636 -3424
0.6744 -3416
0.6936 -3484
0.7208 -3728
0.684 -3688
0.7008 -3760
0.7344 -3660
0.752 -3684
0.7528 -3652
0.6848 -3448
0.6664 -3536
0.6576 -3592
0.6336 -3492
0.6616 -3516
0.6696 -3488
0.6048 -3368
0.616 -3516
0.6648 -3816
0.6672 -3632
0.6992 -3696
0.7208 -3736
0.7288 -3644
0.7688 -3852
0.7656 -3716
0.7824 -3764
0.7736 -3732
0.78 -3748
0.8072 -3820
0.7504 -3608
0.7752 -3720
0.7848 -3796
0.752 -3672
0.7368 -3620
0.7288 -3656
0.7072 -3584
0.7384 -3660
0.7384 -3608
0.7 -3528
0.708 -3540
0.7192 -3596
0.7096 -3564
0.6656 -3540
0.6656 -3652
0.6224 -3428
0.6216 -3504
0.6672 -3648
0.6576 -3596
0.652 -3596
0.652 -3552
0.6408 -3616
0.6536 -3596
0.6328 -3648
0.6464 -3708
0.5768 -3564
0.5976 -3596
0.624 -3656
0.648 -3716
0.6056 -3420
0.5888 -3504
0.6024 -3496
0.564 -3560
0.6224 -3644
0.6384 -3612
0.688 -3556
0.7104 -3556
0.6968 -3484
0.7328 -3652
0.7264 -3544
0.716 -3560
0.676 -3528
0.6624 -3612
0.6736 -3544
0.6792 -3624
0.6656 -3640
0.7192 -3744
0.7264 -3568
0.7408 -3628
0.7512 -3672
0.744 -3644
0.7456 -3764
0.7096 -3592
0.7128 -3680
0.7184 -3604
0.692 -3440
0.696 -3460
0.7808 -3872
0.7704 -3704
0.7424 -3600
0.6776 -3408
0.696 -3496
0.74 -3696
0.7376 -3668
0.7112 -3608
0.7104 -3568
0.6656 -3528
0.6672 -3584
0.6792 -3584
0.6896 -3620
0.6496 -3480
0.632 -3496
0.6584 -3516
0.6176 -3496
0.6112 -3396
0.64 -3556
0.6584 -3568
0.6824 -3484
0.6736 -3420
0.716 -3532
0.7368 -3664
0.7304 -3632
0.6984 -3580
0.7216 -3728
0.72 -3776
0.704 -3740
0.6912 -3720
0.6488 -3532
0.6608 -3632
0.612 -3524
0.6288 -3476
0.6192 -3472
0.6488 -3576
0.6168 -3524
0.5728 -3320
0.612 -3528
0.6648 -3656
0.6888 -3636
0.7152 -3512
0.7304 -3620
0.7184 -3572
0.7032 -3496
0.752 -3720
0.7376 -3692
0.7392 -3624
0.7856 -3784
0.8224 -3948
0.856 -4136
0.824 -3928
0.816 -3948
0.8088 -3912
0.808 -3884
0.7576 -3648
0.7272 -3512
0.7208 -3488
0.7024 -3540
0.7216 -3584
0.7416 -3756
0.7016 -3624
0.6704 -3484
0.7472 -3744
0.7504 -3688
0.7696 -3844
0.6992 -3528
0.7032 -3488
0.7304 -3628
0.708 -3612
0.6752 -3596
0.6392 -3348
0.696 -3580
0.6992 -3556
0.692 -3460
0.6864 -3412
0.7072 -3500
0.7472 -3628
0.7552 -3660
0.7392 -3624
0.7328 -3704
0.6888 -3520
0.684 -3508
0.7024 -3476
0.744 -3612
0.7776 -3824
0.7528 -3616
0.7176 -3572
0.7248 -3636
0.6608 -3532
0.6048 -3476
0.5848 -3460
0.5952 -3468
0.6352 -3528
0.6648 -3540
0.6872 -3604
0.6792 -3776
0.6736 -3628
0.6272 -3576
0.6432 -3584
0.6536 -3652
0.6464 -3724
0.6768 -3688
0.6816 -3712
0.684 -3628
0.7016 -3772
0.716 -3808
0.7424 -3880
0.7272 -3780
0.6872 -3684
0.6832 -3660
0.6568 -3548
0.668 -3648
0.6584 -3564
0.6752 -3600
0.6544 -3648
0.6488 -3632
0.6368 -3716
0.64 -3680
0.6456 -3652
0.6208 -3600
0.6152 -3416
0.6168 -3376
0.6832 -3588
0.656 -3512
0.6792 -3628
0.6736 -3636
0.6792 -3568
0.6888 -3640
0.6968 -3624
0.6296 -3520
0.624 -3484
0.6264 -3548
0.5776 -3508
0.5904 -3632
0.6016 -3600
0.5224 -3496
0.5576 -3612
0.564 -3516
0.5464 -3368
0.56 -3356
0.6288 -3532
0.62 -3524
0.6056 -3596
0.5888 -3496
0.5712 -3412
0.536 -3312
0.5848 -3452
0.5464 -3404
0.5632 -3452
0.5888 -3488
0.6512 -3636
0.6664 -3660
0.712 -3808
0.7584 -3784
0.7208 -3648
0.7096 -3652
0.6984 -3700
0.6992 -3652
0.6912 -3512
0.7336 -3824
0.7376 -3744
0.74 -3732
0.7984 -3900
0.7632 -3816
0.6904 -3596
0.6472 -3448
0.6672 -3524
0.656 -3484
0.6616 -3572
0.6344 -3512
0.6576 -3604
0.6488 -3576
0.6424 -3440
0.5896 -3384
0.592 -3372
0.6664 -3564
0.6328 -3500
0.6504 -3568
0.6728 -3532
0.6488 -3572
0.672 -3560
0.616 -3484
0.6 -3492
0.5928 -3332
0.6128 -3328
0.6016 -3360
0.6352 -3592
0.6616 -3660
0.6304 -3540
0.584 -3376
0.6168 -3444
0.6424 -3540
0.6368 -3476
0.6328 -3520
0.6544 -3640
0.6448 -3520
0.6104 -3488
0.5832 -3472
0.5912 -3420
0.6088 -3396
0.5648 -3344
0.6304 -3500
0.648 -3632
0.644 -3772
0.6736 -3636
0.696 -3772
0.7064 -3524
0.7288 -3676
0.7808 -3728
0.7624 -3744
0.7424 -3540
0.7264 -3572
0.7576 -3688
0.7744 -3860
0.78 -3744
0.7992 -3748
0.7952 -3716
0.8024 -3856
0.8128 -3896
0.7752 -3748
0.7712 -3688
0.752 -3636
0.7344 -3676
0.7584 -3624
0.7384 -3604
0.7576 -3696
0.7248 -3644
0.7088 -3548
0.7112 -3524
0.7 -3420
0.768 -3728
0.8016 -3840
0.7784 -3692
0.724 -3696
0.7472 -3604
0.756 -3664
0.768 -3664
0.7656 -3708
0.7936 -3784
0.7904 -3744
0.7856 -3744
0.772 -3688
0.7248 -3516
0.7408 -3592
0.7504 -3588
0.7416 -3656
0.7272 -3548
0.74 -3652
0.7288 -3524
0.7624 -3700
0.7736 -3740
0.7864 -3848
0.772 -3724
0.7688 -3716
0.7512 -3660
0.7416 -3696
0.796 -3880
0.7648 -3864
0.7392 -3680
0.6968 -3540
0.716 -3628
0.7296 -3652
0.732 -3724
0.7032 -3488
0.7168 -3596
0.7392 -3776
0.7288 -3688
0.7744 -3780
0.788 -3852
0.7608 -3776
0.7424 -3732
0.744 -3764
0.7488 -3800
0.7224 -3656
0.7312 -3672
0.6872 -3544
0.6632 -3432
0.7024 -3588
0.6584 -3416
0.6752 -3504
0.6896 -3516
0.6936 -3528
0.6832 -3652
0.6808 -3604
0.6512 -3600
0.6184 -3576
0.6512 -3560
0.676 -3612
0.6976 -3480
0.708 -3516
0.7264 -3560
0.7456 -3536
0.7024 -3472
0.7216 -3636
0.7216 -3608
0.7128 -3604
0.7 -3584
0.6992 -3580
0.6872 -3512
0.724 -3680
0.752 -3688
0.7432 -3616
0.7616 -3748
0.7432 -3644
0.7056 -3528
0.732 -3632
0.724 -3548
0.704 -3564
0.712 -3768
0.6688 -3628
0.6488 -3624
0.6584 -3692
0.6376 -3500
0.6032 -3400
0.6208 -3564
0.6128 -3584
0.6384 -3564
0.66 -3672
0.6496 -3596
0.6552 -3604
0.6512 -3552
0.7096 -3624
0.6784 -3416
0.6824 -3512
0.6568 -3464
0.6384 -3408
0.6432 -3396
0.6272 -3228
0.5936 -3420
0.6208 -3568
0.6032 -3532
0.6016 -3456
0.6064 -3496
0.66 -3592
0.684 -3632
0.6936 -3620
0.6832 -3596
0.6744 -3404
0.6448 -3424
0.668 -3436
0.664 -3312
0.684 -3604
0.6688 -3420
0.6744 -3460
0.7384 -3644
0.6968 -3496
0.6496 -3452
0.6368 -3484
0.6752 -3716
0.6976 -3768
0.6944 -3632
0.7072 -3580
0.7336 -3684
0.7112 -3636
0.7008 -3520
0.752 -3564
0.7296 -3548
0.7104 -3560
0.732 -3620
0.7048 -3468
0.6984 -3472
0.6856 -3360
0.6456 -3324
0.6336 -3308
0.6064 -3316
0.68 -3404
0.712 -3600
0.676 -3476
0.6608 -3436
0.66 -3636
0.668 -3528
0.6872 -3508
0.676 -3436
0.6872 -3404
0.728 -3572
0.776 -3736
0.8064 -3800
0.7568 -3680
0.796 -3892
0.7408 -3808
0.744 -3736
0.7336 -3748
0.7016 -3664
0.7184 -3656
0.7208 -3740
0.7008 -3688
0.6568 -3492
0.7008 -3548
0.7216 -3432
0.6992 -3616
0.7024 -3600
0.6632 -3628
0.6584 -3588
0.6448 -3416
0.6632 -3444
0.6496 -3456
0.6432 -3448
0.668 -3560
0.664 -3496
0.7 -3572
0.6624 -3424
0.7008 -3656
0.6672 -3644
0.6728 -3604
0.6584 -3612
0.668 -3500
0.7 -3540
0.7056 -3676
0.6768 -3648
0.6936 -3752
0.7312 -3772
0.7608 -3768
0.752 -3784
0.7536 -3828
0.7296 -3676
0.7584 -3764
0.7792 -3868
0.7544 -3720
0.7224 -3596
0.7472 -3616
0.7376 -3680
0.7376 -3524
0.6816 -3480
0.6536 -3392
0.7224 -3632
0.7376 -3560
0.7384 -3572
0.7456 -3592
0.7376 -3528
0.744 -3628
0.7424 -3636
0.7616 -3720
0.6944 -3500
0.7352 -3724
0.744 -3656
0.728 -3672
0.7304 -3500
0.744 -3628
0.7488 -3716
0.7048 -3544
0.7112 -3660
0.7536 -3740
0.7688 -3916
0.7248 -3740
0.7088 -3528
0.7296 -3508
0.764 -3768
0.7064 -3540
0.7144 -3744
0.7288 -3612
0.7208 -3724
0.6904 -3576
0.6816 -3524
0.676 -3568
0.7392 -3820
0.7392 -3780
0.708 -3560
0.7216 -3576
0.716 -3504
0.728 -3604
0.732 -3672
0.728 -3644
0.7104 -3752
0.724 -3596
0.708 -3668
0.6736 -3576
0.692 -3592
0.7048 -3684
0.7032 -3656
0.6944 -3604
0.7024 -3716
0.6504 -3556
0.6232 -3584
0.6336 -3580
0.5696 -3404
0.5464 -3392
0.5968 -3504
0.6272 -3608
0.6488 -3604
0.6224 -3448
0.6144 -3448
0.6584 -3544
0.6792 -3452
0.7168 -3516
0.7248 -3580
0.7136 -3524
0.7504 -3664
0.776 -3736
0.7824 -3736
0.776 -3796
0.752 -3768
0.7592 -3704
0.7272 -3660
0.7352 -3692
0.7272 -3852
0.7 -3628
0.7056 -3660
0.6784 -3544
0.6864 -3604
0.704 -3648
0.7168 -3712
0.744 -3768
0.7408 -3764
0.7592 -3772
0.7192 -3612
0.7504 -3808
0.7272 -3568
0.7584 -3796
0.7536 -3720
0.756 -3764
0.7728 -3788
0.7848 -3788
0.7928 -3776
0.8064 -3768
0.7656 -3636
0.7448 -3524
0.756 -3588
0.7344 -3544
0.7136 -3544
0.696 -3524
0.6896 -3520
0.6904 -3444
0.6544 -3520
0.7136 -3724
0.708 -3664
0.7152 -3572
0.7424 -3692
0.784 -3804
0.7976 -3760
0.8184 -3844
0.8016 -3932
0.7224 -3664
0.7528 -3640
0.748 -3656
0.7744 -3752
0.7872 -3712
0.7584 -3676
0.7256 -3544
0.7664 -3732
0.7424 -3796
0.728 -3744
0.7544 -3768
0.7224 -3572
0.6896 -3512
0.6944 -3624
0.7064 -3580
0.7096 -3708
0.6864 -3596
0.6336 -3588
0.6248 -3460
0.6024 -3424
0.636 -3540
0.6536 -3548
0.692 -3656
0.712 -3680
0.7 -3524
0.6896 -3572
0.6464 -3376
0.6752 -3496
0.6784 -3592
0.6816 -3512
0.7112 -3592
0.704 -3484
0.7272 -3528
0.668 -3276
0.7176 -3608
0.7136 -3624
0.712 -3692
0.696 -3652
0.7392 -3648
0.7032 -3560
0.7576 -3764
0.7824 -3708
0.7544 -3592
0.8048 -3816
0.7896 -3796
0.7768 -3720
0.8056 -3820
0.7872 -3752
0.7576 -3784
0.7576 -3848
0.736 -3880
0.716 -3732
0.644 -3544
0.6368 -3664
0.6744 -3664
0.6464 -3644
0.6576 -3496
0.6848 -3500
0.668 -3504
0.6632 -3416
0.732 -3620
0.6808 -3472
0.7056 -3664
0.7016 -3668
0.672 -3548
0.652 -3524
0.6512 -3612
0.6608 -3696
0.6408 -3612
0.6416 -3672
0.6112 -3536
0.6024 -3476
0.576 -3412
0.604 -3472
0.6144 -3432
0.588 -3496
0.6024 -3496
0.6296 -3536
0.648 -3652
0.6824 -3672
0.6832 -3560
0.6952 -3588
0.6968 -3636
0.732 -3680
0.7504 -3716
0.7872 -3808
0.7408 -3624
0.712 -3624
0.7336 -3812
0.6888 -3632
0.6912 -3624
0.6488 -3500
0.64 -3512
0.5952 -3540
0.588 -3532
0.6016 -3572
0.6616 -3712
0.6792 -3756
0.68 -3692
0.6632 -3564
0.6856 -3648
0.7088 -3664
0.68 -3460
0.6648 -3496
0.6592 -3500
0.6576 -3424
0.7224 -3616
0.748 -3644
0.7288 -3596
0.7592 -3764
0.7224 -3780
0.7456 -3896
0.7024 -3688
0.6912 -3748
0.6632 -3544
0.6376 -3564
0.6848 -3668
0.6944 -3704
0.776 -3732
0.7288 -3660
0.7632 -3760
0.7632 -3804
0.752 -3760
0.7432 -3736
0.7088 -3672
0.6896 -3548
0.6704 -3680
0.6896 -3608
0.668 -3560
0.6544 -3588
0.62 -3624
0.612 -3644
0.6496 -3552
0.6416 -3568
0.6384 -3504
0.6208 -3436
0.5664 -3440
0.548 -3316
0.5816 -3388
0.6024 -3388
0.5504 -3376
0.6032 -3536
0.572 -3348
0.5784 -3448
0.5952 -3636
0.6128 -3656
0.5776 -3508
0.5624 -3496
0.5656 -3588
0.5784 -3552
0.6096 -3632
0.576 -3536
0.5808 -3540
0.6144 -3536
0.5832 -3520
0.6232 -3612
0.5856 -3464
0.6176 -3448
0.5976 -3460
0.608 -3468
0.5792 -3484
0.568 -3364
0.596 -3544
0.5744 -3484
0.5896 -3520
0.6 -3632
0.612 -3720
0.5696 -3564
0.524 -3528
0.5152 -3332
0.5072 -3292
0.5312 -3288
0.5776 -3388
0.5944 -3488
0.6144 -3460
0.6208 -3540
0.584 -3384
0.6472 -3460
0.6464 -3496
0.7048 -3724
0.7032 -3700
0.708 -3656
0.688 -3632
0.6784 -3556
0.6808 -3556
0.7296 -3804
0.7168 -3776
0.7104 -3776
0.732 -3760
0.7432 -3656
0.7536 -3652
0.7688 -3708
0.7424 -3588
0.7536 -3680
0.7384 -3432
0.7568 -3568
0.7328 -3540
0.736 -3616
0.7496 -3536
0.7656 -3632
0.8008 -3760
0.7968 -3808
0.768 -3836
0.7576 -3756
0.72 -3620
0.7056 -3620
0.7144 -3756
0.736 -3764
0.752 -3724
0.7512 -3780
0.7656 -3704
0.776 -3756
0.7624 -3800
0.76 -3672
0.7128 -3616
0.6648 -3528
0.6992 -3640
0.6896 -3632
0.6984 -3696
0.7184 -3716
0.7384 -3776
0.7416 -3816
0.6624 -3680
0.644 -3676
0.68 -3632
0.6928 -3640
0.6288 -3628
0.6008 -3572
0.6024 -3572
0.5936 -3608
0.5872 -3592
0.5392 -3476
0.4912 -3388
0.572 -3548
0.5952 -3576
0.5376 -3528
0.508 -3344
0.5112 -3188
0.5816 -3412
0.5616 -3464
0.5928 -3532
0.6544 -3752
0.6808 -3748
0.7016 -3656
0.6976 -3632
0.7448 -3720
0.708 -3520
0.6856 -3444
0.7104 -3444
0.7336 -3528
0.7088 -3588
0.692 -3568
0.6816 -3564
0.7032 -3712
0.7288 -3668
0.7208 -3656
0.744 -3828
0.7536 -3824
0.7512 -3872
0.7024 -3780
0.6856 -3648
0.6856 -3708
0.7056 -3692
0.7184 -3688
0.752 -3668
0.7592 -3848
0.7744 -3812
0.7912 -3888
0.728 -3740
0.7032 -3648
0.6744 -3584
