0.0952 -1380
0.1144 -2216
0.1264 -2576
0.1712 -2804
0.1664 -2904
0.1592 -2920
0.0968 -3148
0.1112 -3096
0.0488 -3304
0.06 -3184
0.0768 -3364
0.0608 -3228
0.04 -3160
0.0168 -3228
0.0112 -3168
0.0592 -3208
0.0736 -3312
0.0328 -3240
0.0016 -3256
0.0208 -3328
0.0032 -3420
0.0048 -3384
0.016 -3388
0.0176 -3384
0.0032 -3488
0.0176 -3324
0.0096 -3408
0.0528 -3304
0.0032 -3276
0.0008 -3244
0.0608 -3176
0.1136 -3352
0.1424 -3396
0.1184 -3264
0.1416 -3244
0.1328 -3348
0.1552 -3308
0.1992 -3348
0.232 -3396
0.2192 -3444
0.2664 -3636
0.2352 -3544
0.2616 -3372
0.2728 -3556
0.256 -3520
0.2712 -3348
0.3288 -3512
0.288 -3404
0.2872 -3384
0.2928 -3508
0.268 -3524
0.3056 -3504
0.252 -3296
0.2664 -3408
0.2376 -3564
0.2528 -3464
0.2976 -3400
0.3184 -3360
0.3152 -3384
0.3504 -3508
0.3856 -3436
0.396 -3448
0.396 -3508
0.4024 -3512
0.3568 -3396
0.392 -3480
0.4072 -3464
0.3768 -3384
0.392 -3400
0.4184 -3340
0.3672 -3276
0.36 -3380
0.3432 -3436
0.3864 -3540
0.4304 -3504
0.4472 -3564
0.4176 -3572
0.4344 -3464
0.3824 -3208
0.3792 -3200
0.4 -3356
0.4368 -3300
0.4312 -3244
0.4664 -3456
0.4616 -3364
0.4736 -3424
0.5432 -3448
0.536 -3332
0.5496 -3256
0.5776 -3464
0.5904 -3564
0.6152 -3540
0.6152 -3568
0.5688 -3496
0.5472 -3408
0.54 -3408
0.5744 -3604
0.5728 -3524
0.6304 -3676
0.5928 -3516
0.6056 -3604
0.572 -3496
0.5648 -3464
0.5616 -3664
0.5848 -3744
0.5856 -3640
0.6088 -3636
0.608 -3400
0.6192 -3412
0.6264 -3460
0.6696 -3556
0.6296 -3412
0.636 -3424
0.6744 -3416
0.6936 -3484
0.7208 -3728
0.684 -3688
0.7008 -3760
0.7344 -3660
0.752 -3684
0.7528 -3652
0.6848 -3448
0.6664 -3536
0.6576 -3592
0.6336 -3492
0.6616 -3516
0.6696 -3488
0.6048 -3368
0.616 -3516
0.6648 -3816
0.6672 -3632
0.6992 -3696
0.7208 -3736
0.7288 -3644
0.7688 -3852
0.7656 -3716
0.7824 -3764
0.7736 -3732
0.78 -3748
0.8072 -3820
0.7504 -3608
0.7752 -3720
0.7848 -3796
0.752 -3672
0.7368 -3620
0.7288 -3656
0.7072 -3584
0.7384 -3660
0.7384 -3608
0.7 -3528
0.708 -3540
0.7192 -3596
0.7096 -3564
0.6656 -3540
0.6656 -3652
0.6224 -3428
0.6216 -3504
0.6672 -3648
0.6576 -3596
0.652 -3596
0.652 -3552
0.6408 -3616
0.6536 -3596
0.6328 -3648
0.6464 -3708
0.5768 -3564
0.5976 -3596
0.624 -3656
0.648 -3716
0.6056 -3420
0.5888 -3504
0.6024 -3496
0.564 -3560
0.6224 -3644
0.6384 -3612
0.688 -3556
0.7104 -3556
0.6968 -3484
0.7328 -3652
0.7264 -3544
0.716 -3560
0.676 -3528
0.6624 -3612
0.6736 -3544
0.6792 -3624
0.6656 -3640
0.7192 -3744
0.7264 -3568
0.7408 -3628
0.7512 -3672
0.744 -3644
0.7456 -3764
0.7096 -3592
0.7128 -3680
0.7184 -3604
0.692 -3440
0.696 -3460
0.7808 -3872
0.7704 -3704
0.7424 -3600
0.6776 -3408
0.696 -3496
0.74 -3696
0.7376 -3668
0.7112 -3608
0.7104 -3568
0.6656 -3528
0.6672 -3584
0.6792 -3584
0.6896 -3620
0.6496 -3480
0.632 -3496
0.6584 -3516
0.6176 -3496
0.6112 -3396
0.64 -3556
0.6584 -3568
0.6824 -3484
0.6736 -3420
0.716 -3532
0.7368 -3664
0.7304 -3632
0.6984 -3580
0.7216 -3728
0.72 -3776
0.704 -3740
0.6912 -3720
0.6488 -3532
0.6608 -3632
0.612 -3524
0.6288 -3476
0.6192 -3472
0.6488 -3576
0.6168 -3524
0.5728 -3320
0.612 -3528
0.6648 -3656
0.6888 -3636
0.7152 -3512
0.7304 -3620
0.7184 -3572
0.7032 -3496
0.752 -3720
0.7376 -3692
0.7392 -3624
0.7856 -3784
0.8224 -3948
0.856 -4136
0.824 -3928
0.816 -3948
0.8088 -3912
0.808 -3884
0.7576 -3648
0.7272 -3512
0.7208 -3488
0.7024 -3540
0.7216 -3584
0.7416 -3756
0.7016 -3624
0.6704 -3484
0.7472 -3744
0.7504 -3688
0.7696 -3844
0.6992 -3528
0.7032 -3488
0.7304 -3628
0.708 -3612
0.6752 -3596
0.6392 -3348
0.696 -3580
0.6992 -3556
0.692 -3460
0.6864 -3412
0.7072 -3500
0.7472 -3628
0.7552 -3660
0.7392 -3624
0.7328 -3704
0.6888 -3520
0.684 -3508
0.7024 -3476
0.744 -3612
0.7776 -3824
0.7528 -3616
0.7176 -3572
0.7248 -3636
0.6608 -3532
0.6048 -3476
0.5848 -3460
0.5952 -3468
0.6352 -3528
0.6648 -3540
0.6872 -3604
0.6792 -3776
0.6736 -3628
0.6272 -3576
0.6432 -3584
0.6536 -3652
0.6464 -3724
0.6768 -3688
0.6816 -3712
0.684 -3628
0.7016 -3772
0.716 -3808
0.7424 -3880
0.7272 -3780
0.6872 -3684
0.6832 -3660
0.6568 -3548
0.668 -3648
0.6584 -3564
0.6752 -3600
0.6544 -3648
0.6488 -3632
0.6368 -3716
0.64 -3680
0.6456 -3652
0.6208 -3600
0.6152 -3416
0.6168 -3376
0.6832 -3588
0.656 -3512
0.6792 -3628
0.6736 -3636
0.6792 -3568
0.6888 -3640
0.6968 -3624
0.6296 -3520
0.624 -3484
0.6264 -3548
0.5776 -3508
0.5904 -3632
0.6016 -3600
0.5224 -3496
0.5576 -3612
0.564 -3516
0.5464 -3368
0.56 -3356
0.6288 -3532
0.62 -3524
0.6056 -3596
0.5888 -3496
0.5712 -3412
0.536 -3312
0.5848 -3452
0.5464 -3404
0.5632 -3452
0.5888 -3488
0.6512 -3636
0.6664 -3660
0.712 -3808
0.7584 -3784
0.7208 -3648
0.7096 -3652
0.6984 -3700
0.6992 -3652
0.6912 -3512
0.7336 -3824
0.7376 -3744
0.74 -3732
0.7984 -3900
0.7632 -3816
0.6904 -3596
0.6472 -3448
0.6672 -3524
0.656 -3484
0.6616 -3572
0.6344 -3512
0.6576 -3604
0.6488 -3576
0.6424 -3440
0.5896 -3384
0.592 -3372
0.6664 -3564
0.6328 -3500
0.6504 -3568
0.6728 -3532
0.6488 -3572
0.672 -3560
0.616 -3484
0.6 -3492
0.5928 -3332
0.6128 -3328
0.6016 -3360
0.6352 -3592
0.6616 -3660
0.6304 -3540
0.584 -3376
0.6168 -3444
0.6424 -3540
0.6368 -3476
0.6328 -3520
0.6544 -3640
0.6448 -3520
0.6104 -3488
0.5832 -3472
0.5912 -3420
0.6088 -3396
0.5648 -3344
0.6304 -3500
0.648 -3632
0.644 -3772
0.6736 -3636
0.696 -3772
0.7064 -3524
0.7288 -3676
0.7808 -3728
0.7624 -3744
0.7424 -3540
0.7264 -3572
0.7576 -3688
0.7744 -3860
0.78 -3744
0.7992 -3748
0.7952 -3716
0.8024 -3856
0.8128 -3896
0.7752 -3748
0.7712 -3688
0.752 -3636
0.7344 -3676
0.7584 -3624
0.7384 -3604
0.7576 -3696
0.7248 -3644
0.7088 -3548
0.7112 -3524
0.7 -3420
0.768 -3728
0.8016 -3840
0.7784 -3692
0.724 -3696
0.7472 -3604
0.756 -3664
0.768 -3664
0.7656 -3708
0.7936 -3784
0.7904 -3744
0.7856 -3744
0.772 -3688
0.7248 -3516
0.7408 -3592
0.7504 -3588
0.7416 -3656
0.7272 -3548
0.74 -3652
0.7288 -3524
0.7624 -3700
0.7736 -3740
0.7864 -3848
0.772 -3724
0.7688 -3716
0.7512 -3660
0.7416 -3696
0.796 -3880
0.7648 -3864
0.7392 -3680
0.6968 -3540
0.716 -3628
0.7296 -3652
0.732 -3724
0.7032 -3488
0.7168 -3596
0.7392 -3776
0.7288 -3688
0.7744 -3780
0.788 -3852
0.7608 -3776
0.7424 -3732
0.744 -3764
0.7488 -3800
0.7224 -3656
0.7312 -3672
0.6872 -3544
0.6632 -3432
0.7024 -3588
0.6584 -3416
0.6752 -3504
0.6896 -3516
0.6936 -3528
0.6832 -3652
0.6808 -3604
0.6512 -3600
0.6184 -3576
0.6512 -3560
0.676 -3612
0.6976 -3480
0.708 -3516
0.7264 -3560
0.7456 -3536
0.7024 -3472
0.7216 -3636
0.7216 -3608
0.7128 -3604
0.7 -3584
0.6992 -3580
0.6872 -3512
0.724 -3680
0.752 -3688
0.7432 -3616
0.7616 -3748
0.7432 -3644
0.7056 -3528
0.732 -3632
0.724 -3548
0.704 -3564
0.712 -3768
0.6688 -3628
0.6488 -3624
0.6584 -3692
0.6376 -3500
0.6032 -3400
0.6208 -3564
0.6128 -3584
0.6384 -3564
0.66 -3672
0.6496 -3596
0.6552 -3604
0.6512 -3552
0.7096 -3624
0.6784 -3416
0.6824 -3512
0.6568 -3464
0.6384 -3408
0.6432 -3396
0.6272 -3228
0.5936 -3420
0.6208 -3568
0.6032 -3532
0.6016 -3456
0.6064 -3496
0.66 -3592
0.684 -3632
0.6936 -3620
0.6832 -3596
0.6744 -3404
0.6448 -3424
0.668 -3436
0.664 -3312
0.684 -3604
0.6688 -3420
0.6744 -3460
0.7384 -3644
0.6968 -3496
0.6496 -3452
0.6368 -3484
0.6752 -3716
0.6976 -3768
0.6944 -3632
0.7072 -3580
0.7336 -3684
0.7112 -3636
0.7008 -3520
0.752 -3564
0.7296 -3548
0.7104 -3560
0.732 -3620
0.7048 -3468
0.6984 -3472
0.6856 -3360
0.6456 -3324
0.6336 -3308
0.6064 -3316
0.68 -3404
0.712 -3600
0.676 -3476
0.6608 -3436
0.66 -3636
0.668 -3528
0.6872 -3508
0.676 -3436
0.6872 -3404
0.728 -3572
0.776 -3736
0.8064 -3800
0.7568 -3680
0.796 -3892
0.7408 -3808
0.744 -3736
0.7336 -3748
0.7016 -3664
0.7184 -3656
0.7208 -3740
0.7008 -3688
0.6568 -3492
0.7008 -3548
0.7216 -3432
0.6992 -3616
0.7024 -3600
0.6632 -3628
0.6584 -3588
0.6448 -3416
0.6632 -3444
0.6496 -3456
0.6432 -3448
0.668 -3560
0.664 -3496
0.7 -3572
0.6624 -3424
0.7008 -3656
0.6672 -3644
0.6728 -3604
0.6584 -3612
0.668 -3500
0.7 -3540
0.7056 -3676
0.6768 -3648
0.6936 -3752
0.7312 -3772
0.7608 -3768
0.752 -3784
0.7536 -3828
0.7296 -3676
0.7584 -3764
0.7792 -3868
0.7544 -3720
0.7224 -3596
0.7472 -3616
0.7376 -3680
0.7376 -3524
0.6816 -3480
0.6536 -3392
0.7224 -3632
0.7376 -3560
0.7384 -3572
0.7456 -3592
0.7376 -3528
0.744 -3628
0.7424 -3636
0.7616 -3720
0.6944 -3500
0.7352 -3724
0.744 -3656
0.728 -3672
0.7304 -3500
0.744 -3628
0.7488 -3716
0.7048 -3544
0.7112 -3660
0.7536 -3740
0.7688 -3916
0.7248 -3740
0.7088 -3528
0.7296 -3508
0.764 -3768
0.7064 -3540
0.7144 -3744
0.7288 -3612
0.7208 -3724
0.6904 -3576
0.6816 -3524
0.676 -3568
0.7392 -3820
0.7392 -3780
0.708 -3560
0.7216 -3576
0.716 -3504
0.728 -3604
0.732 -3672
0.728 -3644
0.7104 -3752
0.724 -3596
0.708 -3668
0.6736 -3576
0.692 -3592
0.7048 -3684
0.7032 -3656
0.6944 -3604
0.7024 -3716
0.6504 -3556
0.6232 -3584
0.6336 -3580
0.5696 -3404
0.5464 -3392
0.5968 -3504
0.6272 -3608
0.6488 -3604
0.6224 -3448
0.6144 -3448
0.6584 -3544
0.6792 -3452
0.7168 -3516
0.7248 -3580
0.7136 -3524
0.7504 -3664
0.776 -3736
0.7824 -3736
0.776 -3796
0.752 -3768
0.7592 -3704
0.7272 -3660
0.7352 -3692
0.7272 -3852
0.7 -3628
0.7056 -3660
0.6784 -3544
0.6864 -3604
0.704 -3648
0.7168 -3712
0.744 -3768
0.7408 -3764
0.7592 -3772
0.7192 -3612
0.7504 -3808
0.7272 -3568
0.7584 -3796
0.7536 -3720
0.756 -3764
0.7728 -3788
0.7848 -3788
0.7928 -3776
0.8064 -3768
0.7656 -3636
0.7448 -3524
0.756 -3588
0.7344 -3544
0.7136 -3544
0.696 -3524
0.6896 -3520
0.6904 -3444
0.6544 -3520
0.7136 -3724
0.708 -3664
0.7152 -3572
0.7424 -3692
0.784 -3804
0.7976 -3760
0.8184 -3844
0.8016 -3932
0.7224 -3664
0.7528 -3640
0.748 -3656
0.7744 -3752
0.7872 -3712
0.7584 -3676
0.7256 -3544
0.7664 -3732
0.7424 -3796
0.728 -3744
0.7544 -3768
0.7224 -3572
0.6896 -3512
0.6944 -3624
0.7064 -3580
0.7096 -3708
0.6864 -3596
0.6336 -3588
0.6248 -3460
0.6024 -3424
0.636 -3540
0.6536 -3548
0.692 -3656
0.712 -3680
0.7 -3524
0.6896 -3572
0.6464 -3376
0.6752 -3496
0.6784 -3592
0.6816 -3512
0.7112 -3592
0.704 -3484
0.7272 -3528
0.668 -3276
0.7176 -3608
0.7136 -3624
0.712 -3692
0.696 -3652
0.7392 -3648
0.7032 -3560
0.7576 -3764
0.7824 -3708
0.7544 -3592
0.8048 -3816
0.7896 -3796
0.7768 -3720
0.8056 -3820
0.7872 -3752
0.7576 -3784
0.7576 -3848
0.736 -3880
0.716 -3732
0.644 -3544
0.6368 -3664
0.6744 -3664
0.6464 -3644
0.6576 -3496
0.6848 -3500
0.668 -3504
0.6632 -3416
0.732 -3620
0.6808 -3472
0.7056 -3664
0.7016 -3668
0.672 -3548
0.652 -3524
0.6512 -3612
0.6608 -3696
0.6408 -3612
0.6416 -3672
0.6112 -3536
0.6024 -3476
0.576 -3412
0.604 -3472
0.6144 -3432
0.588 -3496
0.6024 -3496
0.6296 -3536
0.648 -3652
0.6824 -3672
0.6832 -3560
0.6952 -3588
0.6968 -3636
0.732 -3680
0.7504 -3716
0.7872 -3808
0.7408 -3624
0.712 -3624
0.7336 -3812
0.6888 -3632
0.6912 -3624
0.6488 -3500
0.64 -3512
0.5952 -3540
0.588 -3532
0.6016 -3572
0.6616 -3712
0.6792 -3756
0.68 -3692
0.6632 -3564
0.6856 -3648
0.7088 -3664
0.68 -3460
0.6648 -3496
0.6592 -3500
0.6576 -3424
0.7224 -3616
0.748 -3644
0.7288 -3596
0.7592 -3764
0.7224 -3780
0.7456 -3896
0.7024 -3688
0.6912 -3748
0.6632 -3544
0.6376 -3564
0.6848 -3668
0.6944 -3704
0.776 -3732
0.7288 -3660
0.7632 -3760
0.7632 -3804
0.752 -3760
0.7432 -3736
0.7088 -3672
0.6896 -3548
0.6704 -3680
0.6896 -3608
0.668 -3560
0.6544 -3588
0.62 -3624
0.612 -3644
0.6496 -3552
0.6416 -3568
0.6384 -3504
0.6208 -3436
0.5664 -3440
0.548 -3316
0.5816 -3388
0.6024 -3388
0.5504 -3376
0.6032 -3536
0.572 -3348
0.5784 -3448
0.5952 -3636
0.6128 -3656
0.5776 -3508
0.5624 -3496
0.5656 -3588
0.5784 -3552
0.6096 -3632
0.576 -3536
0.5808 -3540
0.6144 -3536
0.5832 -3520
0.6232 -3612
0.5856 -3464
0.6176 -3448
0.5976 -3460
0.608 -3468
0.5792 -3484
0.568 -3364
0.596 -3544
0.5744 -3484
0.5896 -3520
0.6 -3632
0.612 -3720
0.5696 -3564
0.524 -3528
0.5152 -3332
0.5072 -3292
0.5312 -3288
0.5776 -3388
0.5944 -3488
0.6144 -3460
0.6208 -3540
0.584 -3384
0.6472 -3460
0.6464 -3496
0.7048 -3724
0.7032 -3700
0.708 -3656
0.688 -3632
0.6784 -3556
0.6808 -3556
0.7296 -3804
0.7168 -3776
0.7104 -3776
0.732 -3760
0.7432 -3656
0.7536 -3652
0.7688 -3708
0.7424 -3588
0.7536 -3680
0.7384 -3432
0.7568 -3568
0.7328 -3540
0.736 -3616
0.7496 -3536
0.7656 -3632
0.8008 -3760
0.7968 -3808
0.768 -3836
0.7576 -3756
0.72 -3620
0.7056 -3620
0.7144 -3756
0.736 -3764
0.752 -3724
0.7512 -3780
0.7656 -3704
0.776 -3756
0.7624 -3800
0.76 -3672
0.7128 -3616
0.6648 -3528
0.6992 -3640
0.6896 -3632
0.6984 -3696
0.7184 -3716
0.7384 -3776
0.7416 -3816
0.6624 -3680
0.644 -3676
0.68 -3632
0.6928 -3640
0.6288 -3628
0.6008 -3572
0.6024 -3572
0.5936 -3608
0.5872 -3592
0.5392 -3476
0.4912 -3388
0.572 -3548
0.5952 -3576
0.5376 -3528
0.508 -3344
0.5112 -3188
0.5816 -3412
0.5616 -3464
0.5928 -3532
0.6544 -3752
0.6808 -3748
0.7016 -3656
0.6976 -3632
0.7448 -3720
0.708 -3520
0.6856 -3444
0.7104 -3444
0.7336 -3528
0.7088 -3588
0.692 -3568
0.6816 -3564
0.7032 -3712
0.7288 -3668
0.7208 -3656
0.744 -3828
0.7536 -3824
0.7512 -3872
0.7024 -3780
0.6856 -3648
0.6856 -3708
0.7056 -3692
0.7184 -3688
0.752 -3668
0.7592 -3848
0.7744 -3812
0.7912 -3888
0.728 -3740
0.7032 -3648
0.6744 -3584
0.6936 -3620
0.6752 -3532
0.6768 -3516
0.6744 -3468
0.7016 -3656
0.7128 -3612
0.6984 -3732
0.7008 -3640
0.6832 -3552
0.676 -3564
0.6856 -3580
0.6696 -3496
0.6784 -3588
0.7008 -3664
0.6632 -3528
0.6808 -3664
0.6256 -3388
0.612 -3396
0.628 -3532
0.66 -3688
0.6424 -3564
0.6096 -3484
0.6304 -3540
0.652 -3676
0.6464 -3596
0.6624 -3564
0.6288 -3584
0.6104 -3492
0.6144 -3512
0.5496 -3436
0.592 -3484
0.6184 -3624
0.6384 -3660
0.6664 -3756
0.632 -3648
0.612 -3644
0.6296 -3628
0.6344 -3592
0.6736 -3792
0.6424 -3608
0.6472 -3552
0.66 -3676
0.6224 -3532
0.6472 -3716
0.636 -3632
0.6448 -3580
0.6448 -3476
0.6688 -3548
0.6456 -3488
0.6888 -3652
0.6896 -3840
0.6816 -3808
0.6712 -3720
0.612 -3576
0.6408 -3612
0.624 -3404
0.62 -3508
0.624 -3524
0.6688 -3704
0.6624 -3752
0.7008 -3804
0.7432 -3948
0.7048 -3664
0.6456 -3488
0.692 -3584
0.6792 -3480
0.6944 -3588
0.6648 -3524
0.6912 -3504
0.684 -3592
0.6464 -3428
0.6184 -3340
0.656 -3524
0.6728 -3588
0.6424 -3288
0.6576 -3376
0.7056 -3588
0.7336 -3652
0.7024 -3596
0.736 -3656
0.6848 -3664
0.7064 -3624
0.6912 -3660
0.6424 -3516
0.5952 -3368
0.6704 -3476
0.7256 -3672
0.7288 -3664
0.7464 -3696
0.672 -3456
0.6912 -3576
0.6824 -3572
0.7024 -3580
0.6896 -3452
0.7544 -3632
0.7376 -3664
0.7912 -3776
0.7736 -3752
0.7896 -3832
0.792 -3932
0.7424 -3756
0.7264 -3556
0.7464 -3660
0.768 -3712
0.7936 -3864
0.76 -3736
0.7704 -3816
0.7392 -3744
0.7536 -3644
0.748 -3656
0.768 -3680
0.7616 -3760
0.7632 -3648
0.7416 -3552
0.728 -3544
0.7312 -3588
0.7776 -3820
0.7936 -3856
0.8056 -3824
0.7864 -3764
0.7424 -3616
0.7632 -3740
0.728 -3568
0.724 -3600
0.7568 -3764
0.7192 -3628
0.6768 -3588
0.6816 -3464
0.7104 -3560
0.7448 -3756
0.748 -3748
0.7584 -3704
0.6912 -3500
0.6648 -3492
0.6488 -3612
0.608 -3568
0.5472 -3504
0.536 -3500
0.5544 -3476
0.5728 -3500
0.584 -3412
0.5552 -3416
0.5672 -3500
0.5696 -3408
0.5528 -3588
0.5176 -3440
0.4856 -3264
0.4704 -3244
0.484 -3436
0.4984 -3584
0.4704 -3524
0.4384 -3484
0.3992 -3488
0.42 -3392
0.4872 -3552
0.5032 -3656
0.5144 -3540
0.5728 -3584
0.5808 -3552
0.5608 -3412
0.5728 -3388
0.572 -3492
0.6128 -3676
0.5792 -3612
0.5496 -3516
0.5704 -3384
0.6104 -3456
0.64 -3560
0.6816 -3656
0.696 -3748
0.7144 -3680
0.6664 -3576
0.668 -3496
0.6872 -3532
0.6792 -3520
0.6936 -3536
0.7232 -3532
0.7368 -3608
0.7136 -3564
0.708 -3596
0.7144 -3652
0.6952 -3572
0.7536 -3704
0.7568 -3648
0.7864 -3828
0.824 -3900
0.7464 -3712
0.7376 -3732
0.7472 -3780
0.7728 -3964
0.7384 -3764
0.7352 -3768
0.7288 -3744
0.7176 -3808
0.7672 -3936
0.7648 -3732
0.7768 -3720
0.736 -3608
0.7888 -3820
0.7944 -3820
0.7864 -3656
0.7512 -3544
0.7064 -3520
0.7488 -3720
0.6904 -3600
0.7336 -3776
0.724 -3768
0.7376 -3720
0.7448 -3776
0.7392 -3740
0.6848 -3488
0.712 -3564
0.7424 -3796
0.7584 -3764
0.752 -3736
0.7344 -3604
0.7096 -3448
0.7048 -3544
0.7192 -3580
0.7656 -3624
0.8072 -3768
0.796 -3724
0.7736 -3704
0.7512 -3628
0.74 -3664
0.7536 -3612
0.7808 -3672
0.7504 -3636
0.7416 -3636
0.7432 -3700
0.7136 -3516
0.708 -3568
0.6768 -3588
0.6552 -3412
0.6184 -3412
0.6576 -3476
0.6536 -3420
0.6696 -3392
0.6768 -3500
0.6888 -3520
0.724 -3644
0.7296 -3552
0.7072 -3512
0.7088 -3488
0.7424 -3520
0.6984 -3496
0.7144 -3544
0.744 -3664
0.6776 -3616
0.6856 -3620
0.6544 -3520
0.6032 -3404
0.6328 -3496
0.628 -3424
0.6296 -3380
0.6536 -3428
0.6936 -3588
0.6504 -3556
0.6 -3508
0.6232 -3524
0.6256 -3528
0.648 -3600
0.6912 -3596
0.6952 -3652
0.6816 -3672
0.6776 -3700
0.6872 -3668
0.696 -3604
0.6984 -3596
0.6944 -3492
0.6576 -3528
0.652 -3716
0.6312 -3644
0.6672 -3656
0.6776 -3796
0.6736 -3700
0.6552 -3684
0.6704 -3572
0.6456 -3668
0.5976 -3428
0.5624 -3432
0.4944 -3340
0.4896 -3396
0.4912 -3432
0.5064 -3484
0.5136 -3336
0.5264 -3196
0.5336 -3224
0.5672 -3216
0.5912 -3412
0.6224 -3408
0.6656 -3488
0.6512 -3504
0.6464 -3428
0.628 -3328
0.6064 -3236
0.6544 -3604
0.688 -3664
0.6992 -3696
0.6944 -3648
0.6904 -3632
0.7184 -3680
0.6744 -3564
0.6656 -3596
0.6656 -3608
0.6552 -3552
0.6568 -3444
0.6336 -3492
0.6928 -3552
0.704 -3652
0.6888 -3640
0.7032 -3624
0.6888 -3540
0.7088 -3696
0.6496 -3612
0.6496 -3608
0.6392 -3564
0.6992 -3588
0.6888 -3616
0.6848 -3608
0.6952 -3716
0.6648 -3732
0.6424 -3616
0.6448 -3624
0.636 -3716
0.612 -3748
0.604 -3624
0.6072 -3560
0.6064 -3556
0.6144 -3548
0.6664 -3652
0.6624 -3600
0.6832 -3712
0.6944 -3700
0.6728 -3660
0.6712 -3712
0.6688 -3608
0.6608 -3440
0.6784 -3652
0.6832 -3544
0.6616 -3464
0.6912 -3640
0.688 -3584
0.7392 -3712
0.7608 -3820
0.7256 -3656
0.7456 -3720
0.792 -3880
0.7864 -3940
0.7608 -3760
0.7368 -3656
0.7336 -3696
0.7128 -3580
0.676 -3592
0.6864 -3604
0.6696 -3620
0.6864 -3544
0.6648 -3456
0.6472 -3484
0.616 -3392
0.652 -3412
0.6824 -3560
0.6984 -3620
0.7208 -3696
0.7 -3568
0.7152 -3592
0.7176 -3668
0.7008 -3612
0.732 -3628
0.7296 -3672
0.7304 -3648
0.7032 -3640
0.7104 -3612
0.6728 -3552
0.6736 -3512
0.6848 -3412
0.6096 -3288
0.6256 -3368
0.6384 -3416
0.6808 -3540
0.72 -3576
0.7392 -3636
0.7288 -3592
0.7168 -3556
0.684 -3484
0.6872 -3508
0.7144 -3596
0.7408 -3656
0.712 -3608
0.7384 -3732
0.7688 -3780
0.7488 -3688
0.7832 -3792
0.7936 -3744
0.812 -3824
0.7928 -3856
0.7632 -3684
0.7624 -3692
0.7888 -3820
0.7584 -3572
0.7472 -3544
0.7368 -3632
0.7072 -3544
0.6904 -3404
0.696 -3456
0.6712 -3532
0.6272 -3388
0.6408 -3560
0.5944 -3556
0.6488 -3536
0.6896 -3728
0.6984 -3720
0.7048 -3732
0.7176 -3716
0.7152 -3696
0.74 -3680
0.684 -3476
0.6592 -3432
0.7136 -3628
0.7512 -3760
0.736 -3636
0.7328 -3716
0.7016 -3536
0.6736 -3456
0.6984 -3544
0.664 -3392
0.6632 -3536
0.692 -3600
0.7224 -3628
0.7112 -3744
0.672 -3568
0.6392 -3684
0.612 -3580
0.632 -3592
0.6032 -3552
0.6248 -3552
0.628 -3576
0.6104 -3528
0.6376 -3620
0.64 -3528
0.592 -3428
0.5936 -3404
0.66 -3564
0.704 -3656
0.7064 -3640
0.7632 -3836
0.7624 -3840
0.7856 -3844
0.7912 -3876
0.7512 -3716
0.7624 -3756
0.7256 -3620
0.7168 -3680
0.6808 -3540
0.6816 -3476
0.692 -3528
0.6912 -3648
0.7208 -3672
0.7496 -3748
0.7136 -3664
0.7376 -3684
0.7152 -3620
0.704 -3608
0.7304 -3628
0.7136 -3548
0.752 -3768
0.728 -3644
0.7504 -3676
0.8088 -3948
0.7904 -3904
0.788 -3852
0.7896 -3868
0.74 -3660
0.7224 -3564
0.7144 -3564
0.6728 -3524
0.6984 -3536
0.7096 -3560
0.6696 -3464
0.6496 -3412
0.6704 -3504
0.6584 -3492
0.732 -3848
0.732 -3840
0.7216 -3760
0.744 -3692
0.7416 -3688
0.7664 -3800
0.7424 -3728
0.7552 -3680
0.736 -3620
0.7632 -3724
0.7576 -3736
0.7416 -3616
0.7232 -3524
0.7288 -3628
0.7392 -3624
0.728 -3600
0.7632 -3784
0.744 -3688
0.7216 -3484
0.7624 -3600
0.76 -3660
0.7912 -3804
0.8048 -3868
0.7904 -3800
0.7688 -3652
0.7696 -3712
0.7552 -3628
0.78 -3692
0.8384 -3976
0.8408 -3932
0.8248 -3844
0.7952 -3704
0.752 -3556
0.756 -3724
0.7296 -3648
0.7344 -3652
0.7912 -3760
0.7816 -3760
0.7752 -3828
0.7576 -3756
0.7528 -3840
0.7144 -3536
0.7016 -3540
0.7568 -3724
0.7432 -3740
0.7112 -3592
0.7064 -3628
0.7512 -3696
0.7272 -3668
0.72 -3524
0.7144 -3500
0.684 -3380
0.7368 -3616
0.76 -3756
0.732 -3600
0.7736 -3808
0.748 -3744
0.7464 -3780
0.7432 -3796
0.804 -3864
0.8 -3792
0.7736 -3704
0.7656 -3644
0.764 -3672
0.7208 -3580
0.684 -3488
0.648 -3496
0.6696 -3640
0.692 -3720
0.728 -3604
0.7584 -3784
0.8064 -3940
0.7624 -3604
0.7944 -3720
0.836 -3912
0.808 -3864
0.7928 -3864
0.7352 -3620
0.7704 -3732
0.7736 -3712
0.7792 -3772
0.7632 -3680
0.7544 -3640
0.7376 -3580
0.7408 -3672
0.7488 -3792
0.7376 -3752
0.7208 -3640
0.7552 -3772
0.784 -3776
0.7984 -3844
0.8136 -3844
0.7984 -3784
0.7944 -3780
0.7816 -3736
0.7704 -3688
0.7992 -3868
0.8216 -3884
0.8064 -3916
0.7712 -3728
0.7416 -3736
0.7208 -3556
0.7392 -3640
0.7176 -3720
0.7544 -3808
0.7408 -3756
0.7632 -3840
0.7616 -3748
0.784 -3812
0.776 -3756
0.7488 -3688
0.7552 -3720
0.728 -3584
0.7344 -3532
0.7024 -3496
0.7384 -3692
0.7392 -3696
0.8016 -3848
0.7848 -3808
0.776 -3716
0.8176 -3892
0.8344 -3952
0.8216 -3868
0.8248 -3872
0.8104 -3800
0.7976 -3888
0.792 -3836
0.7768 -3752
0.7784 -3800
0.7752 -3800
0.7528 -3780
0.7752 -3868
0.7792 -3968
0.6832 -3556
0.728 -3700
0.7408 -3660
0.7336 -3572
0.716 -3540
0.7176 -3608
0.6856 -3508
0.7424 -3644
0.7336 -3680
0.6984 -3516
0.7088 -3572
0.7552 -3748
0.7344 -3664
0.7328 -3668
0.6984 -3552
0.6584 -3484
0.7072 -3624
0.6768 -3612
0.6448 -3456
0.6336 -3528
0.6224 -3556
0.6472 -3624
0.6584 -3788
0.6176 -3584
0.6144 -3520
0.6064 -3552
0.6112 -3512
0.5624 -3448
0.5744 -3360
0.6048 -3608
0.648 -3632
0.68 -3640
0.6608 -3720
0.6616 -3836
0.6528 -3792
0.6736 -3868
0.7024 -3884
0.7208 -3900
0.7128 -3888
0.6816 -3720
0.6936 -3632
0.6648 -3584
0.644 -3548
0.6296 -3432
0.6416 -3412
0.6264 -3276
0.6544 -3304
0.608 -3288
0.5896 -3204
0.6224 -3248
0.6728 -3284
0.6656 -3372
0.6824 -3604
0.6352 -3404
0.656 -3552
0.6736 -3596
0.6552 -3528
0.592 -3420
0.5568 -3460
0.6152 -3524
0.6088 -3532
0.5592 -3488
0.5952 -3556
0.6216 -3696
0.6696 -3656
0.6792 -3720
0.6432 -3524
0.6808 -3612
0.7096 -3696
0.7048 -3608
0.6664 -3456
0.7112 -3576
0.7144 -3568
0.7328 -3668
0.7328 -3524
0.7872 -3668
0.7872 -3780
0.8008 -3788
0.8048 -3836
0.8168 -3864
0.8072 -3908
0.8192 -3852
0.8192 -3876
0.8376 -3952
0.7832 -3736
0.7592 -3652
0.7424 -3636
0.732 -3640
0.7456 -3592
0.7592 -3596
0.7584 -3640
0.7456 -3572
0.7544 -3672
0.7408 -3576
0.7272 -3652
0.7176 -3756
0.7768 -3928
0.7456 -3728
0.744 -3768
0.6912 -3608
0.6912 -3720
0.712 -3688
0.7144 -3728
0.6976 -3568
0.7136 -3580
0.7048 -3736
0.6896 -3628
0.6752 -3600
0.6664 -3620
0.6736 -3660
0.6696 -3576
0.5976 -3420
0.5552 -3420
0.5256 -3388
0.4896 -3312
0.512 -3452
0.4256 -3212
0.448 -3392
0.4224 -3392
0.436 -3332
0.4296 -3308
0.4064 -3176
0.464 -3180
0.5384 -3428
0.5304 -3400
0.5848 -3492
0.6392 -3632
0.62 -3512
0.7024 -3708
0.684 -3648
0.7056 -3660
0.7024 -3664
0.668 -3432
0.6792 -3592
0.6936 -3796
0.7 -3676
0.6904 -3604
0.7024 -3700
0.6808 -3652
0.672 -3664
0.6552 -3564
0.6728 -3584
0.6936 -3640
0.6664 -3496
0.6352 -3528
0.6424 -3564
0.64 -3584
0.672 -3596
0.6544 -3480
0.6864 -3604
0.6944 -3564
0.7144 -3656
0.7048 -3512
0.7448 -3736
0.8136 -3900
0.8016 -3864
0.7784 -3740
0.7736 -3756
0.7976 -3688
0.7936 -3672
0.8024 -3760
0.7584 -3584
0.756 -3548
0.7528 -3588
0.7624 -3616
0.7664 -3612
0.7968 -3736
0.7872 -3756
0.792 -3784
0.796 -3764
0.8096 -3872
0.8368 -4004
0.8448 -3976
0.792 -3740
0.7896 -3736
0.7792 -3780
0.7952 -3836
0.792 -3796
0.7464 -3596
0.76 -3564
0.7824 -3700
0.7528 -3648
0.7664 -3748
0.7648 -3732
0.7776 -3688
0.8104 -3804
0.8056 -3812
0.7752 -3844
0.7576 -3776
0.7304 -3648
0.7176 -3752
0.764 -3788
0.7592 -3740
0.7264 -3592
0.7024 -3572
0.744 -3700
0.7488 -3648
0.7392 -3560
0.78 -3808
0.7888 -3816
0.7808 -3792
0.768 -3636
0.7504 -3580
0.7648 -3576
0.7272 -3544
0.7672 -3776
0.7584 -3768
0.7616 -3780
0.7448 -3692
0.784 -3780
0.7624 -3748
0.796 -3928
0.76 -3768
0.756 -3812
0.7304 -3732
0.7328 -3676
0.7384 -3768
0.7128 -3736
0.6984 -3620
0.688 -3580
0.616 -3596
0.672 -3620
0.6888 -3668
0.6984 -3592
0.6744 -3540
0.6808 -3480
0.7344 -3760
0.7184 -3852
0.7 -3728
0.7608 -3788
0.7376 -3756
0.7472 -3672
0.7408 -3648
0.736 -3576
0.744 -3704
0.7224 -3568
0.7432 -3740
0.7592 -3716
0.7488 -3700
0.744 -3736
0.7304 -3612
0.7576 -3732
0.7576 -3776
0.6792 -3548
0.6824 -3564
0.66 -3476
0.696 -3600
0.684 -3616
0.6704 -3584
0.6592 -3608
0.676 -3584
0.7408 -3820
0.7392 -3704
0.7624 -3696
0.764 -3740
0.7656 -3596
0.7632 -3680
0.7376 -3744
0.7784 -3844
0.7752 -3788
0.7392 -3604
0.7328 -3620
0.7216 -3632
0.7112 -3516
0.6856 -3460
0.6896 -3468
0.724 -3564
0.704 -3432
0.7232 -3528
0.7152 -3520
0.708 -3560
0.7072 -3508
0.7264 -3608
0.7128 -3448
0.748 -3596
0.7656 -3648
0.7712 -3676
0.7416 -3560
0.7672 -3632
0.7728 -3712
0.7528 -3648
0.7552 -3652
0.7696 -3704
0.7296 -3628
0.744 -3720
0.6992 -3588
0.7112 -3560
0.7056 -3592
0.7168 -3648
0.6936 -3640
0.6728 -3604
0.6944 -3564
0.7112 -3560
0.6976 -3504
0.7288 -3608
0.6528 -3332
0.6056 -3332
0.572 -3384
0.5856 -3520
0.5464 -3412
0.5528 -3412
0.5544 -3344
0.6184 -3400
0.62 -3496
0.6688 -3588
0.7032 -3496
0.7128 -3592
0.748 -3712
0.704 -3496
0.7688 -3744
0.7768 -3732
0.7848 -3772
0.8 -3796
0.7624 -3744
0.7288 -3612
0.7176 -3608
0.6968 -3616
0.6872 -3620
0.6304 -3492
0.6096 -3496
0.6176 -3464
0.6288 -3400
0.6216 -3384
0.6608 -3468
0.6488 -3420
0.6784 -3476
0.6856 -3460
0.6736 -3452
0.7008 -3480
0.7008 -3484
0.732 -3572
0.7664 -3584
0.7368 -3608
0.7496 -3612
0.7744 -3708
0.7608 -3668
0.7872 -3764
0.8136 -3868
0.8 -3776
0.7504 -3468
0.7552 -3592
0.7584 -3652
0.7672 -3732
0.7648 -3660
0.7456 -3564
0.792 -3696
0.7832 -3708
0.8168 -3824
0.7312 -3548
0.7208 -3508
0.7328 -3656
0.7248 -3564
0.756 -3624
0.7496 -3532
0.748 -3584
0.72 -3532
0.7424 -3656
0.7504 -3668
0.7368 -3644
0.76 -3684
0.7624 -3728
0.7656 -3764
0.7464 -3728
0.744 -3724
0.736 -3760
0.716 -3704
0.7192 -3700
0.744 -3748
0.7952 -3752
0.7688 -3700
0.7416 -3600
0.7272 -3656
0.7512 -3764
0.7768 -3856
0.7704 -3700
0.7672 -3712
0.7888 -3816
0.7584 -3660
0.7728 -3776
0.772 -3636
0.7688 -3656
0.7696 -3652
0.728 -3680
0.7056 -3688
0.6608 -3604
0.6304 -3572
0.672 -3568
0.7216 -3516
0.7136 -3556
0.7616 -3668
0.744 -3644
0.7376 -3572
0.7432 -3640
0.6888 -3404
0.708 -3460
0.7344 -3508
0.7016 -3496
0.7272 -3644
0.7184 -3516
0.7576 -3696
0.7424 -3756
0.6792 -3564
0.6704 -3612
0.6544 -3624
0.6512 -3576
0.628 -3476
0.6592 -3620
0.6336 -3372
0.644 -3460
0.6456 -3612
0.652 -3564
0.6816 -3660
0.6128 -3416
0.5856 -3392
0.5504 -3368
0.5256 -3284
0.588 -3400
0.6488 -3696
0.676 -3612
0.6808 -3508
0.6944 -3544
0.6832 -3616
0.6544 -3504
0.628 -3444
0.6464 -3552
0.6608 -3616
0.6032 -3388
0.6376 -3680
0.5968 -3508
0.616 -3604
0.6264 -3636
0.6728 -3812
0.6664 -3528
0.6984 -3504
0.712 -3688
0.7192 -3720
0.7424 -3644
0.736 -3672
0.7136 -3616
0.7456 -3704
0.7448 -3712
0.7472 -3812
0.7312 -3808
0.7456 -3772
0.7408 -3608
0.7304 -3696
0.748 -3712
0.728 -3628
0.7064 -3632
0.7456 -3756
0.7344 -3608
0.7544 -3596
0.7688 -3628
0.8104 -3820
0.8056 -3796
0.7632 -3572
0.7832 -3744
0.788 -3708
0.796 -3748
0.784 -3772
0.7736 -3776
0.7224 -3648
0.7192 -3632
0.7752 -3876
0.7536 -3804
0.6688 -3588
0.6544 -3588
0.6584 -3504
0.6352 -3428
0.588 -3496
0.6064 -3524
0.6192 -3460
0.6064 -3364
0.612 -3404
0.648 -3432
0.7008 -3532
0.6984 -3540
0.6736 -3584
0.6832 -3520
0.7544 -3732
0.7656 -3728
0.7576 -3660
0.7232 -3656
0.7216 -3584
0.6744 -3512
0.6896 -3640
0.7176 -3776
0.728 -3760
0.7528 -3736
0.784 -3888
0.7552 -3800
0.756 -3772
0.7256 -3648
0.7096 -3620
0.7008 -3664
0.6952 -3552
0.6792 -3568
0.6832 -3648
0.692 -3668
0.7344 -3768
0.74 -3840
0.752 -3784
0.7232 -3576
0.7504 -3700
0.7496 -3716
0.7176 -3636
0.6752 -3480
0.688 -3612
0.6672 -3572
0.6408 -3480
0.6224 -3524
0.664 -3696
0.6784 -3664
0.672 -3556
0.7016 -3568
0.7104 -3632
0.724 -3672
0.7352 -3736
0.7168 -3604
0.7072 -3516
0.712 -3460
0.7816 -3856
0.8184 -3844
0.8128 -3840
0.7976 -3748
0.7928 -3932
0.788 -3732
0.788 -3760
0.776 -3664
0.7752 -3612
0.7584 -3628
0.7704 -3608
0.7904 -3680
0.7592 -3608
0.7824 -3620
0.8144 -3812
0.8184 -3848
0.8216 -3884
0.7816 -3692
0.7712 -3748
0.756 -3604
0.6992 -3488
0.6928 -3508
0.708 -3488
0.7008 -3656
0.6752 -3640
0.68 -3688
0.6832 -3696
0.704 -3720
0.7096 -3688
0.7304 -3820
0.748 -3700
0.7448 -3792
0.7528 -3760
0.7264 -3608
0.7296 -3544
0.704 -3548
0.7464 -3652
0.7104 -3628
0.6912 -3504
0.6696 -3540
0.7112 -3796
0.7392 -3784
0.716 -3768
0.7032 -3636
0.712 -3560
0.7024 -3532
0.7288 -3708
0.7112 -3660
0.7112 -3616
0.7192 -3568
0.7088 -3540
0.744 -3680
0.7408 -3656
0.7528 -3692
0.7576 -3688
0.7536 -3600
0.7656 -3684
0.7816 -3848
0.7816 -3756
0.7832 -3856
0.7648 -3704
0.7328 -3632
0.76 -3608
0.772 -3668
0.7776 -3744
0.7744 -3716
0.7856 -3668
0.8024 -3764
0.7752 -3692
0.7832 -3740
0.7768 -3736
0.7768 -3752
0.7888 -3832
0.776 -3868
0.7552 -3660
0.7264 -3532
0.7216 -3528
0.7568 -3592
0.7704 -3732
0.7496 -3608
0.7664 -3652
0.7328 -3564
0.7656 -3744
0.7176 -3696
0.684 -3512
0.652 -3432
0.6584 -3512
0.7 -3660
0.6816 -3576
0.652 -3460
0.6368 -3284
0.6784 -3448
0.6936 -3516
0.712 -3700
0.7088 -3516
0.7464 -3696
0.7768 -3748
0.7808 -3840
0.7072 -3528
0.7432 -3688
0.7048 -3576
0.6864 -3512
0.7248 -3788
0.7 -3588
0.7048 -3592
0.6936 -3536
0.7192 -3632
0.7584 -3732
0.776 -3732
0.7592 -3784
0.732 -3764
0.688 -3504
0.7416 -3704
0.7648 -3788
0.7576 -3612
0.7312 -3568
0.692 -3544
0.736 -3568
0.7632 -3656
0.7904 -3764
0.7888 -3764
0.78 -3760
0.7656 -3728
0.752 -3764
0.74 -3720
0.7352 -3628
0.724 -3640
0.7112 -3600
0.7168 -3592
0.7616 -3740
0.78 -3824
0.7248 -3608
0.708 -3700
0.7344 -3768
0.6992 -3656
0.6552 -3564
0.64 -3488
0.6336 -3552
0.6384 -3520
0.6088 -3724
0.636 -3748
0.6128 -3772
0.5936 -3652
0.5712 -3596
0.5504 -3540
0.6088 -3728
0.6088 -3632
0.628 -3540
0.62 -3340
0.5728 -3352
0.5896 -3560
0.608 -3496
0.6488 -3616
0.6392 -3744
0.6232 -3628
0.6056 -3540
0.5608 -3312
0.6176 -3584
0.6344 -3676
0.5944 -3736
0.5424 -3584
0.6176 -3636
0.5584 -3480
0.4968 -3416
0.5232 -3448
0.504 -3440
0.4488 -3548
0.4568 -3328
0.4264 -3316
0.4416 -3348
0.4272 -3396
0.388 -3336
0.376 -3436
0.4032 -3408
0.4392 -3420
0.4136 -3316
0.44 -3376
0.4056 -3348
0.4024 -3400
0.3416 -3352
0.2808 -3272
0.2328 -3304
0.1608 -3408
0.1832 -3400
0.1904 -3440
0.1696 -3444
0.1488 -3404
0.156 -3400
0.1392 -3532
0.1528 -3328
0.1024 -3348
0.1344 -3412
0.1832 -3320
0.1848 -3328
0.1648 -3304
0.2368 -3192
0.2344 -3256
0.256 -3312
0.2488 -3480
0.2264 -3424
0.2048 -3364
0.2184 -3440
0.228 -3228
0.1984 -3344
0.1736 -3380
0.1808 -3384
0.1976 -3384
0.2072 -3392
0.1504 -3384
0.236 -3364
0.2168 -3364
0.1736 -3460
0.204 -3488
0.196 -3404
0.1776 -3180
0.2672 -3108
0.312 -3160
0.3088 -3188
0.3248 -3252
0.3328 -3272
0.2864 -3248
0.2696 -3092
0.2248 -3140
0.16 -3048
0.148 -3076
0.1584 -3096
0.2096 -3120
0.204 -3172
0.1904 -3128
0.112 -3188
0.1296 -3268
0.0632 -3256
0.092 -3268
0.0632 -3300
0.036 -3200
0.0296 -3236
0.016 -3252
0.0016 -3204
0.048 -3236
0.0384 -3196
0.036 -3160
0.0136 -3200
0.0144 -3232
0.0304 -3252
0.032 -3300
0.0064 -3256
0.0664 -3420
0.0952 -3296
0.0888 -3336
0.1248 -3324
0.0968 -3328
0.1072 -3492
0.1736 -3384
0.2112 -3480
0.2376 -3472
0.216 -3448
0.224 -3520
0.3224 -3512
0.2688 -3256
0.2656 -3284
0.2032 -3420
0.2312 -3192
0.1992 -3328
0.24 -3236
0.2168 -3212
0.2784 -3300
0.2192 -3248
0.2096 -3316
0.2512 -3292
0.2632 -3284
0.316 -3332
0.3016 -3384
0.276 -3300
0.3088 -3328
0.3736 -3500
0.2936 -3312
0.352 -3344
0.3816 -3564
0.3464 -3352
0.3744 -3492
0.3856 -3488
0.3608 -3660
0.3808 -3740
0.3936 -3624
0.3688 -3484
0.3592 -3404
0.3512 -3388
0.4032 -3500
0.3728 -3428
0.292 -3364
0.292 -3260
0.3192 -3324
0.2976 -3312
0.2792 -3420
0.3136 -3404
0.3304 -3400
0.4176 -3484
0.3936 -3304
0.3792 -3492
0.3408 -3308
0.372 -3372
0.4416 -3388
0.4552 -3412
0.4544 -3520
0.4232 -3444
0.3272 -3276
0.348 -3336
0.4208 -3312
0.4072 -3240
0.3656 -3296
0.368 -3344
0.4128 -3252
0.4352 -3432
0.3984 -3240
0.4528 -3328
0.504 -3420
0.5144 -3364
0.5304 -3348
0.5392 -3444
0.5888 -3548
0.5936 -3516
0.6304 -3528
0.6384 -3716
0.6472 -3636
0.7096 -3680
0.7288 -3664
0.6896 -3704
0.7008 -3784
0.7024 -3744
0.7144 -3656
0.7064 -3648
0.6704 -3568
0.6328 -3456
0.644 -3480
0.62 -3516
0.6416 -3388
0.6496 -3520
0.716 -3656
0.7136 -3664
0.7224 -3592
0.6824 -3532
0.6464 -3560
0.6072 -3356
0.6456 -3384
0.6808 -3472
0.7128 -3636
0.748 -3852
0.7424 -3768
0.7136 -3760
0.7048 -3604
0.7168 -3616
0.6688 -3460
0.692 -3472
0.7296 -3536
0.7192 -3472
0.7536 -3620
0.7864 -3716
0.7464 -3608
0.7528 -3644
0.716 -3488
0.6744 -3484
0.6776 -3532
0.7688 -3876
0.7712 -3820
0.7872 -3820
0.7928 -3752
0.7816 -3660
0.7848 -3748
0.7784 -3692
0.74 -3572
0.6936 -3508
0.7424 -3736
0.7352 -3664
0.704 -3600
0.7624 -3752
0.74 -3608
0.7344 -3672
0.7072 -3544
0.7032 -3560
0.7368 -3668
0.7112 -3612
0.7448 -3672
0.7272 -3676
0.7232 -3632
0.712 -3644
0.7144 -3676
0.752 -3624
0.7728 -3716
0.7744 -3692
0.74 -3604
0.7448 -3696
0.764 -3652
0.7696 -3700
0.7928 -3808
0.7592 -3620
0.728 -3564
0.7416 -3712
0.7936 -3928
0.7944 -3900
0.7824 -3844
0.7624 -3860
0.744 -3724
0.7424 -3736
0.7696 -3784
0.7528 -3652
0.74 -3624
0.7456 -3724
0.752 -3684
0.7456 -3572
0.728 -3528
0.692 -3476
0.7136 -3568
0.704 -3600
0.6872 -3536
0.7328 -3636
0.7208 -3536
0.6872 -3380
0.7056 -3452
0.7056 -3440
0.7248 -3580
0.7288 -3492
0.7016 -3424
0.7296 -3604
0.7448 -3588
0.7736 -3764
0.712 -3536
0.7088 -3608
0.6992 -3604
0.7152 -3768
0.6896 -3684
0.7184 -3692
0.6992 -3552
0.7048 -3584
0.7208 -3684
0.72 -3740
0.7168 -3724
0.756 -3788
0.7168 -3700
0.7304 -3712
0.6992 -3640
0.6792 -3524
0.7288 -3724
0.6992 -3620
0.6848 -3552
0.6784 -3528
0.7056 -3524
0.6792 -3452
0.6304 -3400
0.6584 -3540
0.6304 -3464
0.6344 -3400
0.6408 -3428
0.6392 -3380
0.6528 -3488
0.6432 -3456
0.6528 -3520
0.7088 -3540
0.7032 -3492
0.7304 -3816
0.7568 -3668
0.7328 -3736
0.7048 -3676
0.676 -3564
0.7296 -3672
0.6896 -3536
0.6808 -3580
0.7024 -3600
0.7248 -3592
0.7008 -3624
0.6856 -3520
0.7144 -3596
0.728 -3668
0.7432 -3616
0.7224 -3636
0.78 -3780
0.7896 -3864
0.7592 -3832
0.7088 -3652
0.7096 -3756
0.7232 -3824
0.7312 -3648
0.7296 -3580
0.736 -3636
0.7248 -3504
0.7528 -3652
0.7336 -3532
0.7368 -3588
0.7344 -3640
0.7712 -3720
0.7608 -3720
0.7392 -3816
0.7408 -3732
0.7728 -3792
0.7696 -3704
0.756 -3716
0.7512 -3772
0.7528 -3728
0.7904 -3868
0.8056 -3840
0.8168 -3876
0.8336 -3940
0.8136 -3788
0.8272 -3972
0.7808 -3744
0.772 -3780
0.7432 -3656
0.7208 -3612
0.7048 -3636
0.6624 -3416
0.6624 -3568
0.6632 -3476
0.6752 -3536
0.6544 -3448
0.6408 -3408
0.5656 -3428
0.6344 -3532
0.612 -3580
0.6312 -3528
0.6328 -3532
0.616 -3452
0.5832 -3392
0.6432 -3532
0.6144 -3624
0.5544 -3512
0.508 -3420
0.4088 -3292
0.4032 -3236
0.4488 -3288
0.4688 -3296
0.4504 -3188
0.4544 -3296
0.4592 -3352
0.5024 -3324
0.5152 -3356
0.4984 -3484
0.4592 -3476
0.4696 -3328
0.4576 -3352
0.4376 -3200
0.456 -3352
0.4832 -3656
0.4672 -3460
0.4728 -3372
0.472 -3420
0.4304 -3400
0.4144 -3212
0.3576 -3228
0.3704 -3288
0.3136 -3260
0.2888 -3248
0.3352 -3352
0.368 -3600
0.3336 -3408
0.328 -3524
0.3 -3556
0.2656 -3432
0.18 -3376
0.1352 -3472
0.1264 -3480
0.088 -3580
0.076 -3428
0.0704 -3388
0.1272 -3252
0.1416 -3140
0.12 -3220
0.1152 -3272
0.1288 -3340
0.1752 -3288
0.1672 -3120
0.1296 -3384
0.1408 -3400
0.0872 -3520
0.1024 -3496
0.128 -3440
0.0344 -3484
0.056 -3388
0.04 -3372
0.0008 -3404
0.0376 -3420
0.0312 -3568
0.028 -3460
0.0824 -3468
0.0264 -3588
0.0336 -3416
0.0376 -3388
0.0128 -3348
0.0264 -3400
0.016 -3416
0.0312 -3464
0.044 -3352
0.088 -3336
0.0816 -3332
0.1 -3364
0.1336 -3132
0.1168 -3152
0.116 -3196
0.0976 -3152
0.0608 -3296
0.0856 -3264
0.024 -3388
0.1016 -3412
0.0784 -3284
0.0984 -3236
0.0816 -3184
0.1304 -3300
0.152 -3296
0.1784 -3484
0.2056 -3512
0.2176 -3400
0.1808 -3528
0.168 -3432
0.2088 -3376
0.184 -3496
0.1352 -3444
0.0976 -3532
0.0816 -3636
0.0824 -3636
0.1128 -3564
0.1368 -3520
0.1328 -3348
0.144 -3568
0.152 -3384
0.1456 -3368
0.132 -3452
0.096 -3392
0.0896 -3388
0.0776 -3260
0.12 -3272
0.1416 -3352
0.1648 -3504
0.1784 -3520
0.2584 -3576
0.2416 -3600
0.2704 -3456
0.2664 -3492
0.2608 -3496
0.2032 -3488
0.1896 -3380
0.2392 -3296
0.2056 -3456
0.116 -3404
0.1008 -3352
0.1168 -3272
0.188 -3460
0.204 -3460
0.1888 -3452
0.1616 -3472
0.1992 -3248
0.204 -3384
0.2 -3304
0.2376 -3492
0.2696 -3464
0.232 -3444
0.2536 -3428
0.268 -3356
0.2944 -3344
0.2568 -3420
0.2392 -3328
0.232 -3248
0.2632 -3348
0.316 -3496
0.3472 -3312
0.3032 -3196
0.4144 -3332
0.4576 -3536
0.4328 -3524
0.4512 -3520
0.3808 -3468
0.3808 -3408
0.372 -3364
0.3872 -3332
0.356 -3300
0.3976 -3232
0.3704 -3424
0.3488 -3336
0.2976 -3356
0.2816 -3580
0.3408 -3512
0.3528 -3440
0.3392 -3464
0.3248 -3292
0.3184 -3144
0.3144 -3316
0.3416 -3460
0.2952 -3432
0.268 -3384
0.2376 -3352
0.1704 -3236
0.1632 -3112
0.152 -3192
0.1528 -3172
0.1184 -3268
0.1232 -3348
0.1096 -3288
0.0584 -3360
0.0536 -3420
0.0704 -3396
0.0744 -3392
0.0112 -3448
0.0256 -3468
0.016 -3252
0.0208 -3232
0.0072 -3144
0.0512 -3128
0.0624 -3200
0.0848 -3132
0.0464 -3156
0.0976 -3108
0.0176 -3272
0.0208 -3308
0.0384 -3096
0.0072 -3132
0.0384 -3272
0.0848 -3224
0.056 -3244
0.0784 -3284
0.0648 -3240
0.0808 -3164
0.108 -3240
0.1056 -3224
0.1176 -3284
0.1088 -3368
0.1368 -3212
0.1608 -3184
0.2056 -3164
0.2024 -3312
0.1912 -3276
0.252 -3296
0.2408 -3364
0.288 -3368
0.2528 -3380
0.2696 -3464
0.224 -3376
0.2056 -3332
0.228 -3392
0.2808 -3404
0.3392 -3424
0.3496 -3360
0.308 -3216
0.2584 -3276
0.2176 -3308
0.2496 -3348
0.2696 -3320
0.2672 -3472
0.28 -3592
0.2224 -3512
0.1664 -3328
0.1448 -3232
0.1168 -3324
0.012 -3248
0.012 -3112
0.0192 -3264
0.0368 -3256
0.0272 -3216
0.048 -3384
0.0696 -3372
0.0496 -3320
0.0744 -3312
0.12 -3336
0.1648 -3180
0.2224 -3240
0.2096 -3296
0.2272 -3340
0.1896 -3236
0.224 -3172
0.2784 -3304
0.2848 -3384
0.2872 -3456
0.3056 -3472
0.3016 -3288
0.2776 -3368
0.26 -3352
0.2592 -3256
0.2304 -3232
0.2544 -3292
0.2448 -3392
0.2464 -3436
0.2968 -3364
0.3456 -3424
0.3256 -3324
0.328 -3308
0.3936 -3168
0.456 -3452
0.472 -3352
0.4808 -3468
0.5064 -3432
0.4776 -3496
0.4808 -3460
0.46 -3420
0.5176 -3480
0.5104 -3408
0.5456 -3576
0.5496 -3596
0.5168 -3524
0.46 -3400
0.4712 -3564
0.424 -3388
0.408 -3484
0.4336 -3704
0.4688 -3648
0.4568 -3504
0.4984 -3520
0.4448 -3588
0.4616 -3568
0.4568 -3588
0.4272 -3644
0.4168 -3368
0.4312 -3412
0.432 -3364
0.432 -3448
0.4768 -3384
0.444 -3384
0.4728 -3400
0.4312 -3332
0.416 -3508
0.46 -3520
0.484 -3560
0.5056 -3556
0.4864 -3448
0.4944 -3492
0.508 -3428
0.5336 -3348
0.52 -3272
0.4864 -3300
0.5104 -3308
0.5112 -3420
0.5168 -3348
0.4976 -3308
0.488 -3296
0.4512 -3204
0.5552 -3420
0.5416 -3380
0.552 -3364
0.5336 -3468
0.5512 -3476
0.6072 -3516
0.5624 -3360
0.5808 -3428
0.6304 -3316
0.6712 -3464
0.7184 -3652
0.7192 -3452
0.74 -3728
0.6848 -3620
0.6504 -3532
0.6752 -3540
0.7016 -3656
0.7 -3628
0.6936 -3648
0.6976 -3660
0.728 -3552
0.7368 -3616
0.7664 -3656
0.7488 -3648
0.7256 -3624
0.7488 -3600
0.7296 -3656
0.7056 -3488
0.6456 -3408
0.6552 -3476
0.6648 -3552
0.7008 -3584
0.6944 -3548
0.728 -3632
0.7328 -3640
0.7544 -3812
0.7416 -3728
0.7392 -3788
0.7008 -3656
0.6784 -3560
0.6872 -3656
0.6712 -3560
0.668 -3412
0.656 -3540
0.6016 -3464
0.588 -3432
0.5816 -3556
0.572 -3624
0.5944 -3468
0.6016 -3408
0.5752 -3380
0.5568 -3320
0.5776 -3384
0.6304 -3368
0.656 -3504
0.7232 -3636
0.7416 -3596
0.7488 -3620
0.7216 -3552
0.7264 -3588
0.7344 -3568
0.7488 -3704
0.7128 -3428
0.7224 -3568
0.7088 -3496
0.688 -3420
0.7128 -3556
0.6944 -3448
0.7184 -3568
0.676 -3480
0.688 -3524
0.6928 -3568
0.6528 -3596
0.66 -3556
0.644 -3480
0.6848 -3648
0.6536 -3596
0.6416 -3464
0.66 -3548
0.6728 -3672
0.6792 -3664
0.6808 -3616
0.6696 -3524
0.6768 -3504
0.6864 -3488
0.6952 -3544
0.7232 -3540
0.704 -3564
0.76 -3680
0.7768 -3712
0.7712 -3764
0.7744 -3776
0.76 -3732
0.7504 -3680
0.7552 -3600
0.7392 -3528
0.748 -3592
0.7352 -3548
0.736 -3596
0.7216 -3616
0.6968 -3648
0.7088 -3560
0.7064 -3636
0.7232 -3756
0.6584 -3472
0.672 -3512
0.656 -3360
0.6224 -3392
0.6192 -3348
0.6424 -3468
0.6792 -3760
0.672 -3720
0.64 -3532
0.6256 -3380
0.6672 -3572
0.6672 -3420
0.6816 -3480
0.676 -3520
0.6992 -3484
0.6888 -3488
0.7008 -3444
0.7008 -3460
0.6752 -3376
0.6688 -3344
0.7256 -3616
0.7064 -3564
0.7352 -3648
0.7048 -3496
0.756 -3668
0.788 -3808
0.8184 -3880
0.8312 -3892
0.7888 -3780
0.8024 -3752
0.8 -3736
0.7984 -3724
0.7608 -3708
0.7448 -3788
0.78 -3896
0.748 -3856
0.712 -3908
0.7256 -3760
0.7 -3660
0.6504 -3564
0.684 -3604
0.6592 -3616
0.6616 -3612
0.6656 -3748
0.6696 -3820
0.6264 -3616
0.6624 -3796
0.6848 -3800
0.6968 -3820
0.6512 -3504
0.7032 -3580
0.7408 -3804
0.6752 -3644
0.6672 -3596
0.6912 -3588
0.6584 -3508
0.7048 -3508
0.736 -3692
0.6968 -3560
0.688 -3512
0.66 -3416
0.6616 -3536
0.6728 -3556
0.7024 -3564
0.688 -3512
0.6952 -3564
0.7208 -3668
0.7016 -3568
0.672 -3404
0.6808 -3464
0.6912 -3624
0.6792 -3580
0.6336 -3552
0.6824 -3640
0.6944 -3688
0.6776 -3540
0.6512 -3452
0.6912 -3572
0.6824 -3568
0.692 -3644
0.6944 -3672
0.6944 -3672
0.6624 -3600
0.6584 -3540
0.6792 -3636
0.6824 -3520
0.6824 -3516
0.6456 -3492
0.6608 -3516
0.672 -3604
0.6408 -3560
0.6256 -3440
0.6464 -3612
0.6656 -3580
0.6472 -3516
0.6784 -3592
0.664 -3556
0.6464 -3536
0.6464 -3496
0.6608 -3600
0.6912 -3616
0.6696 -3592
0.6584 -3692
0.6224 -3616
0.66 -3684
0.628 -3532
0.6104 -3452
0.6352 -3528
0.6576 -3668
0.6392 -3728
0.6784 -3640
0.66 -3624
0.6424 -3524
0.64 -3448
0.6408 -3476
0.6288 -3344
0.608 -3408
0.6256 -3460
0.6448 -3460
0.6472 -3508
0.588 -3356
0.5544 -3276
0.5672 -3364
0.5992 -3464
0.5952 -3408
0.6328 -3528
0.6048 -3456
0.612 -3484
0.6672 -3524
0.6776 -3660
0.6288 -3560
0.636 -3636
0.7264 -3732
0.7168 -3708
0.656 -3564
0.6584 -3580
0.636 -3460
0.672 -3540
0.6704 -3536
0.6736 -3440
0.7088 -3564
0.7088 -3648
0.7336 -3520
0.7856 -3716
0.7648 -3668
0.7536 -3680
0.7384 -3624
0.7648 -3668
0.8136 -3820
0.8056 -3820
0.8056 -3840
0.7448 -3640
0.6704 -3372
0.7088 -3540
0.7536 -3772
0.7448 -3676
0.684 -3500
0.6928 -3668
0.6864 -3552
0.7384 -3716
0.6984 -3548
0.7296 -3704
0.74 -3644
0.7456 -3752
0.7152 -3640
0.756 -3736
0.7656 -3796
0.7728 -3768
0.7376 -3724
0.752 -3828
0.7704 -3804
0.7536 -3652
0.7384 -3680
0.7928 -3888
0.7552 -3732
0.748 -3852
0.6928 -3552
0.7184 -3716
0.7024 -3632
0.7136 -3620
0.6816 -3620
0.652 -3572
0.6256 -3592
0.6104 -3416
0.6192 -3460
0.6264 -3508
0.6312 -3560
0.6752 -3616
0.6848 -3596
0.696 -3636
0.6808 -3588
0.7304 -3632
0.7128 -3608
0.7312 -3604
0.72 -3624
0.7104 -3612
0.716 -3688
0.7328 -3676
0.7312 -3632
0.7016 -3388
0.7352 -3548
0.7608 -3668
0.7416 -3704
0.7736 -3744
0.768 -3780
0.8016 -3868
0.7544 -3708
0.7216 -3652
0.7296 -3732
0.7488 -3740
0.7424 -3864
0.7352 -3856
0.7304 -3784
0.7312 -3712
0.716 -3672
0.704 -3584
0.7056 -3652
0.7104 -3724
0.68 -3536
0.7032 -3588
0.6768 -3464
0.6816 -3536
0.668 -3484
0.6696 -3440
0.6472 -3456
0.6312 -3456
0.6672 -3484
0.632 -3568
0.6376 -3564
0.6456 -3596
0.62 -3516
0.5672 -3432
0.5776 -3576
0.5824 -3576
0.5928 -3464
0.6448 -3572
0.6424 -3544
0.62 -3604
0.6072 -3476
0.6312 -3644
0.676 -3688
0.6736 -3708
0.6976 -3828
0.688 -3624
0.7264 -3744
0.7072 -3632
0.684 -3632
0.7472 -3776
0.7424 -3752
0.7424 -3748
0.7624 -3832
0.7448 -3780
0.7072 -3628
0.7288 -3688
0.7504 -3696
0.7816 -3784
0.7232 -3688
0.7608 -3744
0.744 -3640
0.72 -3456
0.7232 -3564
0.716 -3532
0.7496 -3680
0.8112 -3848
0.8064 -3744
0.7728 -3712
0.7816 -3820
0.7648 -3716
0.752 -3768
0.7736 -3800
0.804 -3836
0.7832 -3752
0.8096 -3936
0.7896 -3804
0.7912 -3676
0.7968 -3768
0.7832 -3780
0.7976 -3820
0.8336 -3904
0.824 -3896
0.784 -3768
0.8104 -3864
0.8008 -3908
0.7936 -3784
0.7872 -3872
0.7592 -3760
0.7304 -3644
0.7568 -3672
0.7552 -3724
0.756 -3652
0.7016 -3420
0.7336 -3636
0.7376 -3744
0.7696 -3880
0.7024 -3632
0.776 -3908
0.7672 -3800
0.744 -3708
0.772 -3784
0.7488 -3700
0.7096 -3592
0.7208 -3748
0.688 -3584
0.704 -3596
0.7112 -3580
0.7272 -3692
0.7544 -3788
0.7328 -3696
0.6448 -3452
0.6832 -3604
0.6936 -3712
0.6384 -3600
0.664 -3580
0.6672 -3620
0.6672 -3612
0.6144 -3524
0.6192 -3528
0.6144 -3528
0.6296 -3592
0.6592 -3516
0.6784 -3640
0.7 -3572
0.6792 -3632
0.6288 -3556
0.5712 -3492
0.5 -3492
0.5488 -3544
0.5656 -3552
0.5344 -3628
0.5448 -3408
0.5464 -3460
0.5504 -3472
0.548 -3440
0.5112 -3456
0.492 -3356
0.4712 -3376
0.5392 -3520
0.4712 -3392
0.4768 -3408
0.4168 -3436
0.4208 -3420
0.4328 -3476
0.4416 -3508
0.4216 -3500
0.4424 -3704
0.4848 -3760
0.5168 -3636
0.5008 -3556
0.5072 -3576
0.5408 -3592
0.5176 -3700
0.4944 -3596
0.4152 -3416
0.4504 -3468
0.4632 -3356
0.4928 -3296
0.5328 -3496
0.4704 -3436
0.5056 -3324
0.4984 -3480
0.4504 -3308
0.4648 -3148
0.536 -3428
0.5712 -3548
0.564 -3652
0.524 -3452
0.5496 -3596
0.5392 -3480
0.5496 -3532
0.5224 -3624
0.5856 -3720
0.5656 -3628
0.5544 -3572
0.5632 -3496
0.5872 -3672
0.5448 -3560
0.564 -3444
0.5424 -3356
0.612 -3504
0.6608 -3656
0.6904 -3640
0.6856 -3672
0.7008 -3636
0.6984 -3596
0.704 -3564
0.684 -3512
0.668 -3380
0.692 -3536
0.696 -3612
0.7024 -3608
0.712 -3544
0.7384 -3704
0.7616 -3696
0.7728 -3716
0.7344 -3568
0.7232 -3656
0.7104 -3584
0.7384 -3632
0.7184 -3616
0.6928 -3616
0.6832 -3600
0.7176 -3740
0.7248 -3700
0.7296 -3712
0.7016 -3660
0.6992 -3656
0.6512 -3596
0.6816 -3724
0.676 -3680
0.6592 -3564
0.6776 -3548
0.7304 -3676
0.7064 -3652
0.7216 -3672
0.7128 -3756
0.7384 -3884
0.7368 -3796
0.7456 -3700
0.7288 -3588
0.668 -3468
0.6336 -3360
0.6672 -3416
0.7352 -3620
0.7792 -3812
0.7928 -3788
0.7344 -3580
0.7432 -3704
0.7008 -3592
0.708 -3608
0.7512 -3704
0.708 -3588
0.6624 -3424
0.6672 -3428
0.652 -3512
0.6344 -3464
0.6144 -3484
0.6368 -3496
0.636 -3692
0.6736 -3576
0.704 -3652
0.672 -3548
0.6544 -3572
0.6416 -3592
0.6744 -3620
0.68 -3592
0.6792 -3564
0.6808 -3528
0.7288 -3768
0.7176 -3596
0.74 -3588
0.7736 -3732
0.7592 -3700
0.752 -3720
0.7536 -3752
0.7464 -3808
0.7 -3556
0.6496 -3512
0.6416 -3540
0.6352 -3424
0.5888 -3260
0.6304 -3356
0.696 -3560
0.6936 -3436
0.6736 -3344
0.6848 -3456
0.7288 -3692
0.74 -3728
0.7432 -3660
0.7112 -3500
0.7488 -3656
0.7728 -3792
0.7544 -3736
0.7152 -3676
0.7384 -3684
0.7168 -3608
0.6928 -3568
0.7 -3556
0.692 -3600
0.7496 -3776
0.7128 -3668
0.688 -3496
0.7224 -3700
0.6712 -3620
0.6624 -3496
0.7 -3624
0.652 -3440
0.6336 -3580
0.6528 -3608
0.6304 -3472
0.6304 -3476
0.6328 -3504
0.6536 -3612
0.6464 -3516
0.668 -3504
0.7008 -3700
0.7184 -3628
0.692 -3536
0.668 -3544
0.6536 -3484
0.7104 -3668
0.724 -3688
0.764 -3756
0.7176 -3796
0.6872 -3732
0.6816 -3740
0.6608 -3568
0.6824 -3608
0.6952 -3632
0.628 -3600
0.6416 -3672
0.6768 -3880
0.668 -3628
0.6208 -3484
0.6272 -3516
0.6384 -3716
0.6592 -3616
0.68 -3652
0.6512 -3656
0.5896 -3424
0.588 -3476
0.6088 -3500
0.5896 -3316
0.6072 -3484
0.5912 -3468
0.6168 -3636
0.6008 -3636
0.6216 -3700
0.6472 -3624
0.6968 -3716
0.656 -3552
0.6192 -3644
0.6088 -3576
0.6272 -3556
0.6328 -3580
0.6352 -3512
0.6096 -3376
0.5792 -3376
0.568 -3432
0.5712 -3432
0.5872 -3320
0.6224 -3460
0.6152 -3512
0.6496 -3560
0.656 -3568
0.6832 -3716
0.6808 -3736
0.6736 -3684
0.6736 -3680
0.6768 -3652
0.7008 -3748
0.6976 -3708
0.66 -3632
0.6336 -3556
0.6432 -3648
0.6648 -3560
0.6824 -3532
0.7144 -3580
0.7256 -3688
0.7296 -3684
0.7216 -3680
0.7096 -3600
0.7088 -3548
0.7352 -3612
0.688 -3404
0.7392 -3600
0.7112 -3420
0.7376 -3500
0.768 -3724
0.7816 -3748
0.7576 -3672
0.7432 -3536
0.7776 -3768
0.7632 -3640
0.808 -3816
0.7736 -3764
0.8056 -3752
0.8152 -3832
0.8096 -3864
0.7832 -3812
0.792 -3816
0.8048 -3904
0.8016 -3828
0.8184 -3820
0.8112 -3800
0.7968 -3724
0.7624 -3688
0.7856 -3704
0.7944 -3748
0.7984 -3796
0.8224 -3884
0.776 -3636
0.7664 -3596
0.756 -3588
0.7256 -3576
0.7432 -3548
0.7136 -3552
0.7704 -3716
0.764 -3708
0.7688 -3716
0.7744 -3748
0.72 -3596
0.7064 -3644
0.7128 -3644
0.7096 -3576
0.7104 -3628
0.7024 -3644
0.688 -3596
0.6672 -3492
0.6928 -3536
0.7016 -3612
0.7528 -3716
0.7376 -3684
0.7768 -3732
0.7632 -3640
0.7768 -3752
0.8232 -3824
0.8232 -3856
0.7904 -3760
0.784 -3868
0.7336 -3700
0.7192 -3608
0.7152 -3516
0.728 -3540
0.7368 -3576
0.7448 -3608
0.7288 -3624
0.676 -3504
0.6816 -3572
0.7024 -3580
0.6928 -3572
0.6968 -3476
0.7152 -3536
0.7216 -3616
0.7048 -3596
0.7072 -3644
0.728 -3696
0.7464 -3688
0.7512 -3720
0.7544 -3808
0.764 -3748
0.7288 -3632
0.7136 -3596
0.7032 -3712
0.6768 -3660
0.6736 -3576
0.6584 -3620
0.6408 -3468
0.6064 -3380
0.64 -3420
0.656 -3512
0.692 -3624
0.7064 -3540
0.6848 -3476
0.716 -3600
0.7392 -3632
0.756 -3696
0.784 -3760
0.804 -3956
0.7696 -3824
0.7464 -3696
0.7624 -3716
0.7688 -3772
0.7648 -3692
0.716 -3504
0.7416 -3568
0.7584 -3700
0.7776 -3680
0.7696 -3768
0.7648 -3664
0.772 -3740
0.7704 -3652
0.7824 -3812
0.7152 -3572
0.7056 -3532
0.7024 -3580
0.6608 -3540
0.6592 -3616
0.7048 -3752
0.6848 -3752
0.7072 -3716
0.696 -3588
0.6736 -3596
0.676 -3564
0.672 -3584
0.6992 -3604
0.6952 -3612
0.7032 -3728
0.7144 -3696
0.6832 -3592
0.68 -3684
0.6912 -3652
0.6768 -3652
0.6936 -3660
0.6632 -3488
0.6776 -3592
0.6832 -3820
0.6576 -3700
0.6376 -3500
0.6408 -3500
0.6208 -3560
0.6184 -3512
0.6416 -3488
0.7024 -3552
0.7192 -3704
0.708 -3728
0.7232 -3848
0.7184 -3704
0.6944 -3620
0.6672 -3632
0.668 -3576
0.632 -3564
0.612 -3536
0.6376 -3480
0.6704 -3480
0.6464 -3408
0.5872 -3292
0.6144 -3444
0.6456 -3600
0.6448 -3656
0.6144 -3648
0.588 -3612
0.544 -3468
0.5448 -3480
0.5008 -3352
0.5664 -3380
0.5888 -3508
0.5248 -3368
0.512 -3508
0.508 -3508
0.5072 -3560
0.5048 -3556
0.5248 -3560
0.564 -3856
0.5296 -3604
0.5048 -3560
0.4832 -3480
0.452 -3316
0.4584 -3396
0.4792 -3564
0.4856 -3408
0.5376 -3472
0.532 -3564
0.5456 -3512
0.5048 -3440
0.5072 -3504
0.544 -3592
0.5112 -3548
0.548 -3596
0.5392 -3608
0.5752 -3548
0.6288 -3676
0.5896 -3652
0.6392 -3816
0.5904 -3660
0.6352 -3736
0.696 -3888
0.708 -3956
0.6312 -3752
0.6624 -3644
0.6928 -3572
0.7424 -3772
0.74 -3812
0.6776 -3644
0.6976 -3792
0.6456 -3596
0.6584 -3600
0.6552 -3684
0.652 -3596
0.6424 -3628
0.6592 -3696
0.6776 -3684
0.6616 -3696
0.6032 -3584
0.5864 -3448
0.6536 -3660
0.6648 -3616
0.6936 -3548
0.7272 -3592
0.772 -3804
0.7312 -3680
0.7336 -3812
0.696 -3688
0.6432 -3500
0.6472 -3556
0.6152 -3496
0.6592 -3536
0.672 -3380
0.712 -3520
0.7184 -3612
0.664 -3616
0.6264 -3452
0.6776 -3628
0.716 -3768
0.6888 -3624
0.6424 -3512
0.6224 -3676
0.5728 -3540
0.5848 -3624
0.5456 -3532
0.5832 -3528
0.572 -3488
0.5856 -3456
0.6032 -3540
0.5872 -3384
0.6064 -3380
0.644 -3564
0.6808 -3704
0.6464 -3576
0.644 -3500
0.6616 -3476
0.6208 -3448
0.6352 -3516
0.62 -3348
0.6328 -3420
0.6584 -3480
0.6304 -3456
0.6872 -3528
0.7128 -3692
0.7 -3568
0.708 -3676
0.6792 -3620
0.704 -3564
0.7568 -3760
0.7288 -3516
0.7136 -3516
0.7184 -3432
0.7168 -3468
0.7264 -3584
0.7136 -3716
0.6992 -3604
0.6696 -3660
0.6272 -3656
0.668 -3556
0.736 -3736
0.7504 -3740
0.7592 -3776
0.7512 -3768
0.7592 -3784
0.7552 -3784
0.6872 -3504
0.7232 -3540
0.7416 -3656
0.7056 -3532
0.7408 -3716
0.7832 -3868
0.8208 -3992
0.7928 -3864
0.8392 -3996
0.8536 -4000
0.7992 -3728
0.796 -3860
0.7776 -3708
0.764 -3680
0.6952 -3464
0.7184 -3536
0.6856 -3588
0.6496 -3568
0.6296 -3528
0.6072 -3460
0.5936 -3420
0.596 -3608
0.5672 -3532
0.5384 -3404
0.5176 -3456
0.5152 -3464
0.4856 -3448
0.4808 -3276
0.5096 -3220
0.5008 -3208
0.5024 -3432
0.5512 -3424
0.5992 -3488
0.5912 -3400
0.6008 -3440
0.5976 -3400
0.6448 -3516
0.636 -3404
0.692 -3604
0.648 -3512
0.6424 -3516
0.6544 -3552
0.6768 -3640
0.692 -3636
0.6952 -3596
0.6656 -3548
0.6328 -3456
0.6304 -3496
0.6928 -3688
0.6808 -3588
0.6864 -3476
0.7032 -3588
0.7352 -3688
0.7336 -3672
0.7416 -3692
0.744 -3744
0.7376 -3604
0.7104 -3556
0.6784 -3420
0.7216 -3700
0.704 -3648
0.6776 -3616
0.6976 -3800
0.7032 -3564
0.7136 -3656
0.7088 -3700
0.7048 -3696
0.6744 -3532
0.6304 -3304
0.656 -3392
0.6936 -3368
0.6616 -3448
0.7064 -3540
0.7344 -3608
0.7352 -3484
0.688 -3528
0.7096 -3628
0.7136 -3612
0.7144 -3544
0.728 -3580
0.7296 -3632
0.776 -3780
0.82 -3956
0.7968 -3832
0.7816 -3788
0.7976 -3776
0.7928 -3816
0.76 -3592
0.7816 -3652
0.8136 -3836
0.812 -3844
0.7648 -3668
0.7056 -3520
0.7256 -3560
0.7 -3528
0.7232 -3560
0.7152 -3532
0.696 -3452
0.7216 -3564
0.7056 -3536
0.7304 -3672
0.74 -3704
0.6912 -3612
0.6472 -3512
0.6656 -3660
0.688 -3732
0.652 -3524
0.6592 -3604
0.7024 -3740
0.6712 -3592
0.692 -3664
0.708 -3704
0.712 -3616
0.7424 -3744
0.7368 -3700
0.7488 -3696
0.7608 -3660
0.7432 -3736
0.7336 -3732
0.7376 -3840
0.6744 -3632
0.6688 -3576
0.7064 -3688
0.6736 -3552
0.6944 -3608
0.68 -3608
0.7048 -3620
0.7352 -3628
0.6872 -3524
0.7432 -3680
0.7264 -3584
0.6768 -3440
0.6688 -3548
0.604 -3300
0.6656 -3536
0.6584 -3584
0.64 -3504
0.6 -3448
0.6264 -3400
0.7016 -3492
0.668 -3448
0.6968 -3616
0.6736 -3528
0.6808 -3560
0.628 -3464
0.5616 -3308
0.5432 -3372
0.536 -3504
0.5256 -3316
0.5504 -3348
0.5752 -3484
0.5688 -3428
0.6304 -3556
0.6264 -3552
0.628 -3508
0.6256 -3444
0.636 -3416
0.6552 -3436
0.6264 -3392
0.6656 -3424
0.6648 -3412
0.6968 -3500
0.7232 -3652
0.7296 -3600
0.7216 -3628
0.6784 -3424
0.6488 -3388
0.6848 -3652
0.6608 -3408
0.6816 -3576
0.64 -3548
0.6576 -3620
0.6336 -3456
0.6376 -3456
0.6416 -3500
0.6544 -3516
0.6336 -3520
0.6256 -3456
0.6192 -3396
0.636 -3492
0.656 -3616
0.6496 -3612
0.68 -3628
0.712 -3808
0.7176 -3756
0.7088 -3664
0.7024 -3568
0.7184 -3848
0.7168 -3864
0.6696 -3688
0.672 -3620
0.6672 -3624
0.6488 -3604
0.6776 -3744
0.6816 -3848
0.6696 -3604
0.6608 -3564
0.6792 -3600
0.6984 -3584
0.7256 -3740
0.7488 -3756
0.724 -3620
0.7 -3652
0.6976 -3720
0.7016 -3688
0.7032 -3548
0.7088 -3672
0.772 -3868
0.7816 -3764
0.7848 -3932
0.7592 -3836
0.7328 -3656
0.724 -3620
0.732 -3660
0.7192 -3620
0.6888 -3632
0.6528 -3560
0.684 -3652
0.6584 -3576
0.6232 -3492
0.5872 -3556
0.5704 -3424
0.604 -3280
0.6424 -3496
0.6928 -3672
0.7024 -3672
0.708 -3596
0.696 -3560
0.744 -3748
0.7416 -3720
0.7528 -3648
0.7728 -3708
0.784 -3840
0.8048 -3776
0.8224 -3888
0.8296 -3912
0.8376 -3984
0.8272 -3968
0.8184 -3844
0.8064 -3772
0.7632 -3644
0.8016 -3848
0.7712 -3880
0.7816 -3780
0.7936 -3700
0.7704 -3704
0.772 -3824
0.7344 -3612
0.7704 -3712
0.7912 -3724
0.7888 -3816
0.8144 -3780
0.8408 -3984
0.856 -4016
0.828 -3896
0.7968 -3916
0.776 -3804
0.8032 -3800
0.8344 -3876
0.8296 -3908
0.8304 -3908
0.8312 -3960
0.7912 -3812
0.8224 -3844
0.8336 -3932
0.824 -3912
0.8168 -3796
0.7768 -3736
0.7088 -3448
0.744 -3700
0.7504 -3680
0.7568 -3692
0.7632 -3900
0.7672 -3848
0.7352 -3680
0.788 -3896
0.7744 -3756
0.7544 -3552
0.7136 -3500
0.708 -3512
0.7152 -3560
0.72 -3616
0.7584 -3708
0.8008 -3856
0.7984 -3836
0.764 -3744
0.7648 -3772
0.7528 -3712
0.704 -3616
0.7264 -3660
0.7152 -3612
0.7184 -3728
0.676 -3452
0.68 -3596
0.6568 -3596
0.616 -3536
0.6168 -3676
0.6 -3528
0.5704 -3424
0.5552 -3560
0.5488 -3440
0.5944 -3432
0.6568 -3596
0.6704 -3736
0.652 -3648
0.6904 -3656
0.6864 -3584
0.6408 -3784
0.6432 -3568
0.6304 -3496
0.6304 -3536
0.648 -3408
0.6568 -3564
0.6064 -3480
0.5632 -3344
0.5608 -3448
0.5576 -3284
0.5288 -3404
0.5224 -3444
0.5104 -3300
0.5624 -3432
0.5072 -3340
0.46 -3172
0.4912 -3364
0.5224 -3420
0.544 -3544
0.6112 -3540
0.66 -3712
0.5856 -3392
0.6248 -3548
0.5496 -3356
0.5688 -3448
0.5544 -3320
0.5472 -3464
0.5712 -3440
0.6088 -3556
0.608 -3480
0.5472 -3368
0.5592 -3488
0.5728 -3544
0.4952 -3476
0.5168 -3492
0.5128 -3388
0.5992 -3572
0.5736 -3344
0.5288 -3428
0.54 -3568
0.5104 -3520
0.5432 -3684
0.5776 -3628
0.58 -3548
0.5456 -3388
0.556 -3412
0.6104 -3548
0.576 -3488
0.5824 -3580
0.5544 -3516
0.5488 -3300
0.5224 -3352
0.5352 -3364
0.5288 -3272
0.496 -3296
0.5488 -3388
0.5688 -3484
0.5912 -3612
0.5336 -3636
0.5656 -3508
0.604 -3608
0.6264 -3688
0.5352 -3600
0.5088 -3508
0.5496 -3564
0.568 -3492
0.528 -3344
0.5992 -3600
0.6176 -3684
0.5952 -3456
0.5904 -3536
0.5608 -3404
0.608 -3656
0.5728 -3528
0.5456 -3540
0.5272 -3488
0.5248 -3528
0.54 -3552
0.576 -3440
0.5928 -3408
0.6184 -3512
0.636 -3460
0.6784 -3532
0.7008 -3508
0.7248 -3640
0.7192 -3516
0.704 -3536
0.7256 -3612
0.7336 -3632
0.7024 -3468
0.724 -3588
0.7576 -3688
0.7888 -3784
0.7768 -3788
0.7648 -3700
0.7984 -3816
0.7896 -3700
0.7544 -3612
0.7488 -3588
0.7424 -3500
0.74 -3632
0.6976 -3544
0.668 -3532
0.708 -3760
0.652 -3700
0.648 -3688
0.6336 -3776
0.6888 -3896
0.6168 -3620
0.5848 -3516
0.5936 -3468
0.588 -3500
0.6184 -3536
0.6416 -3596
0.6192 -3664
0.6136 -3636
0.5568 -3524
0.5656 -3508
0.5432 -3464
0.5576 -3416
0.4952 -3372
0.4776 -3532
0.4568 -3292
0.4112 -3208
0.3832 -3380
0.3296 -3120
0.3144 -3244
0.2848 -3256
0.276 -3236
0.2432 -3260
0.2224 -3120
0.1624 -3116
0.136 -3224
0.1392 -3256
0.2096 -3324
0.1536 -3204
0.104 -3304
0.1208 -3388
0.104 -3412
0.1336 -3468
0.1416 -3344
0.1608 -3296
0.1848 -3368
0.1992 -3204
0.176 -3340
0.1736 -3216
0.1744 -3332
0.1632 -3184
0.2 -3164
0.1704 -3164
0.1752 -3260
0.1888 -3348
0.2144 -3248
0.1688 -3400
0.2016 -3432
0.232 -3460
0.204 -3316
0.204 -3416
0.208 -3384
0.2152 -3292
0.212 -3404
0.2192 -3048
0.2664 -3408
0.3216 -3412
0.316 -3356
0.3136 -3304
0.3504 -3464
0.3368 -3648
0.3272 -3488
0.3176 -3396
0.324 -3256
0.324 -3292
0.308 -3300
0.368 -3500
0.4064 -3504
0.3768 -3360
0.404 -3480
0.4056 -3524
0.4064 -3400
0.3928 -3320
0.4 -3296
0.4152 -3400
0.4152 -3328
0.4464 -3592
0.4408 -3416
0.4712 -3384
0.468 -3428
0.4456 -3460
0.4736 -3452
0.4328 -3436
0.4432 -3388
0.452 -3380
0.4328 -3368
0.4416 -3368
0.4392 -3388
0.4672 -3540
0.4528 -3300
0.4448 -3244
0.4416 -3256
0.4888 -3404
0.4912 -3536
0.4584 -3608
0.4472 -3604
0.4312 -3652
0.4216 -3476
0.436 -3584
0.3872 -3396
0.4576 -3572
0.4768 -3520
0.4784 -3348
0.5256 -3492
0.5096 -3488
0.5416 -3592
0.508 -3520
0.4984 -3468
0.5136 -3604
0.5104 -3692
0.5648 -3544
0.648 -3692
0.6128 -3676
0.6248 -3728
0.6424 -3552
0.6768 -3768
0.6304 -3544
0.6176 -3600
0.6096 -3584
0.6584 -3656
0.7216 -3828
0.6912 -3652
0.724 -3796
0.708 -3560
0.7216 -3712
0.7344 -3768
0.7648 -3808
0.7184 -3692
0.7016 -3712
0.6848 -3696
0.6928 -3780
0.688 -3660
0.6736 -3568
0.6864 -3676
0.672 -3504
0.6896 -3504
0.6848 -3408
0.6832 -3488
0.7128 -3632
0.6576 -3520
0.6672 -3552
0.6976 -3528
0.7256 -3604
0.6744 -3520
0.6824 -3600
0.6696 -3692
0.6552 -3572
0.6616 -3532
0.6728 -3532
0.6552 -3552
0.6704 -3608
0.6992 -3592
0.7336 -3664
0.776 -3872
0.7344 -3656
0.7256 -3644
0.7216 -3536
0.728 -3616
0.7376 -3736
0.7528 -3732
0.7424 -3612
0.736 -3664
0.7264 -3508
0.7432 -3596
0.808 -3892
0.7912 -3648
0.7896 -3636
0.7712 -3624
0.7976 -3792
0.7848 -3668
0.7888 -3744
0.7664 -3668
0.7528 -3612
0.74 -3524
0.7952 -3704
0.7864 -3728
0.7688 -3656
0.7392 -3544
0.76 -3604
0.7456 -3736
0.74 -3800
0.7432 -3816
0.728 -3740
0.7336 -3700
0.7416 -3732
0.7128 -3684
0.696 -3656
0.7112 -3688
0.7168 -3616
0.692 -3596
0.6472 -3492
0.7032 -3696
0.736 -3688
0.7536 -3712
0.74 -3644
0.7456 -3812
0.7224 -3784
0.6768 -3492
0.6664 -3440
0.6744 -3456
0.7072 -3704
0.728 -3724
0.728 -3708
0.7328 -3668
0.6392 -3300
0.664 -3432
0.7224 -3536
0.7632 -3796
0.7568 -3712
0.7192 -3592
0.7648 -3732
0.7464 -3664
0.7432 -3560
0.7216 -3524
0.7808 -3724
0.6872 -3584
0.6744 -3744
0.6704 -3616
0.6464 -3480
0.6744 -3516
0.672 -3528
0.6728 -3516
0.74 -3648
0.8016 -3864
0.7616 -3692
0.7752 -3752
0.7472 -3592
0.7272 -3516
0.72 -3532
0.744 -3744
0.752 -3772
0.7064 -3588
0.744 -3664
0.7232 -3592
0.7272 -3728
0.716 -3684
0.7544 -3844
0.7208 -3656
0.7208 -3680
0.704 -3628
0.74 -3824
0.7184 -3672
0.7064 -3600
0.7168 -3692
0.72 -3572
0.7352 -3680
0.7488 -3752
0.7672 -3724
0.7528 -3628
0.6632 -3392
0.6688 -3416
0.6624 -3576
0.7024 -3576
0.7272 -3636
0.7312 -3740
0.6504 -3492
0.6736 -3620
0.7112 -3512
0.736 -3736
0.7264 -3728
0.7464 -3652
0.7568 -3760
0.7208 -3604
0.74 -3756
0.7248 -3620
0.728 -3652
0.6984 -3580
0.708 -3536
0.7056 -3572
0.6856 -3552
0.6816 -3524
0.6752 -3524
0.668 -3572
0.7224 -3648
0.7456 -3676
0.7688 -3792
0.7472 -3704
0.7016 -3576
0.6496 -3332
0.7312 -3576
0.74 -3604
0.768 -3704
0.7872 -3764
0.7704 -3616
0.7872 -3784
0.7528 -3772
0.6968 -3656
0.7256 -3560
0.6744 -3448
0.7024 -3624
0.7016 -3572
0.7688 -3780
0.7472 -3744
0.7504 -3704
0.7504 -3704
0.7128 -3620
0.748 -3784
0.7792 -3788
0.7712 -3712
0.8056 -3876
0.7464 -3592
0.748 -3644
0.7336 -3612
0.7376 -3680
0.7168 -3616
0.66 -3484
0.6632 -3592
0.7048 -3604
0.692 -3584
0.7336 -3636
0.7456 -3652
0.7432 -3588
0.7248 -3632
0.7232 -3700
0.7424 -3728
0.74 -3740
0.7184 -3648
0.6416 -3344
0.6592 -3464
0.6976 -3528
0.7432 -3700
0.7432 -3740
0.7904 -3788
0.768 -3656
0.8048 -3804
0.8064 -3776
0.7824 -3708
0.8184 -3884
0.788 -3836
0.816 -3916
0.7952 -3856
0.8064 -3828
0.8064 -3780
0.7912 -3788
0.7896 -3788
0.7664 -3716
0.7648 -3688
0.752 -3576
0.7752 -3644
0.8104 -3796
0.8288 -3928
0.7944 -3820
0.7856 -3820
0.7816 -3756
0.7688 -3700
0.7624 -3656
0.7688 -3612
0.796 -3740
0.8168 -3892
0.804 -3800
0.752 -3632
0.7712 -3748
0.7424 -3744
0.768 -3752
0.7472 -3692
0.748 -3668
0.7368 -3756
0.696 -3584
0.7232 -3580
0.7368 -3660
0.7632 -3788
0.7728 -3732
0.7672 -3648
0.748 -3588
0.7376 -3588
0.756 -3696
0.7408 -3676
0.7752 -3820
0.776 -3740
0.7792 -3716
0.7344 -3464
0.7512 -3704
0.7744 -3824
0.804 -3788
0.8136 -3880
0.7568 -3708
0.7512 -3648
0.7672 -3680
0.7664 -3684
0.7384 -3580
0.6824 -3532
0.7024 -3580
0.724 -3580
0.7152 -3580
0.6976 -3540
0.6848 -3476
0.7088 -3640
0.7344 -3688
0.7344 -3712
0.7416 -3760
0.7488 -3748
0.7768 -3772
0.76 -3680
0.7368 -3592
0.7208 -3700
0.632 -3424
0.704 -3600
0.6592 -3476
0.6256 -3412
0.6184 -3312
0.628 -3516
0.5976 -3436
0.5928 -3440
0.6168 -3528
0.5656 -3484
0.5784 -3532
0.5544 -3456
0.5584 -3516
0.5608 -3564
0.508 -3416
0.5848 -3668
0.5856 -3568
0.6248 -3644
0.624 -3712
0.6208 -3508
0.584 -3344
0.596 -3460
0.6624 -3468
0.6584 -3632
0.6552 -3596
0.652 -3564
0.6696 -3584
0.6728 -3612
0.6688 -3496
0.6264 -3304
0.648 -3456
0.6552 -3528
0.6808 -3576
0.6712 -3452
0.672 -3520
0.6776 -3464
0.6936 -3432
0.6648 -3444
0.7048 -3560
0.744 -3768
0.7352 -3684
0.6752 -3600
0.6776 -3676
0.6448 -3600
0.6944 -3768
0.6288 -3652
0.6128 -3536
0.6672 -3516
0.6648 -3504
0.672 -3524
0.6728 -3316
0.6952 -3384
0.7096 -3508
0.696 -3600
0.7104 -3780
0.6496 -3540
0.7184 -3724
0.6936 -3652
0.692 -3652
0.6568 -3472
0.6824 -3540
0.6512 -3372
0.6864 -3336
0.7688 -3748
0.7696 -3800
0.7496 -3744
0.744 -3664
0.7304 -3616
0.7208 -3588
0.7104 -3576
0.7304 -3708
0.6792 -3488
0.7328 -3668
0.7752 -3676
0.768 -3712
0.7712 -3724
0.8144 -3800
0.792 -3840
0.808 -3824
0.7576 -3604
0.7288 -3652
0.7008 -3600
0.6584 -3508
0.672 -3476
0.632 -3520
0.6304 -3472
0.6592 -3592
0.6656 -3548
0.668 -3508
0.6832 -3664
0.704 -3728
0.6152 -3488
0.6456 -3624
0.676 -3668
0.6448 -3568
0.636 -3436
0.6352 -3468
0.6784 -3532
0.6696 -3728
0.664 -3680
0.672 -3596
0.6552 -3704
0.6408 -3688
0.6752 -3668
0.7176 -3768
0.7064 -3724
0.6944 -3592
0.7256 -3648
0.7184 -3720
0.6912 -3720
0.6584 -3700
0.6832 -3604
0.6608 -3436
0.6856 -3584
0.7072 -3744
0.6648 -3552
0.6328 -3460
0.6688 -3552
0.6736 -3656
0.7256 -3728
0.744 -3656
0.736 -3616
0.7192 -3660
0.7456 -3744
0.7048 -3664
0.6592 -3580
0.6448 -3412
0.6464 -3420
0.6672 -3564
0.6688 -3604
0.6488 -3432
0.6504 -3444
0.6528 -3556
0.6616 -3576
0.6648 -3520
0.6232 -3600
0.5608 -3628
0.56 -3464
0.5936 -3688
0.5928 -3500
0.6104 -3556
0.5952 -3572
0.5344 -3284
0.5224 -3420
0.4888 -3460
0.5472 -3584
0.5736 -3580
0.6104 -3584
0.6144 -3664
0.6112 -3616
0.6264 -3720
0.6032 -3524
0.628 -3612
0.6176 -3524
0.6328 -3576
0.6352 -3552
0.6504 -3620
0.6472 -3556
0.6616 -3588
0.6648 -3548
0.6552 -3568
0.6456 -3512
0.6496 -3532
0.6496 -3412
0.6688 -3520
0.7296 -3740
0.764 -3784
0.74 -3688
0.7856 -3900
0.7784 -3872
0.792 -3820
0.8128 -3988
0.8088 -3804
0.788 -3808
0.8312 -4008
0.7736 -3832
0.7208 -3744
0.7016 -3780
0.728 -3704
0.7296 -3728
0.7648 -3900
0.7352 -3728
0.7512 -3776
0.7088 -3624
0.692 -3604
0.6584 -3504
0.66 -3492
0.6808 -3548
0.6584 -3460
0.6432 -3432
0.6352 -3348
0.6112 -3312
0.624 -3476
0.6216 -3440
0.6248 -3408
0.6568 -3556
0.6488 -3580
0.6576 -3728
0.6584 -3664
0.6448 -3496
0.6488 -3508
0.6704 -3492
0.64 -3488
0.6048 -3432
0.584 -3460
0.6048 -3356
0.6832 -3544
0.6752 -3644
0.6896 -3672
0.7104 -3800
0.6904 -3480
0.6992 -3540
0.6944 -3688
0.692 -3640
0.704 -3604
0.7632 -3744
0.7264 -3584
0.7224 -3596
0.7008 -3508
0.7552 -3732
0.7128 -3564
0.728 -3728
0.6808 -3652
0.6904 -3532
0.6784 -3668
0.7208 -3768
0.7336 -3704
0.7008 -3552
0.6952 -3500
0.704 -3516
0.7416 -3736
0.7168 -3660
0.6976 -3684
0.7008 -3648
0.6792 -3536
0.64 -3456
0.644 -3456
0.6608 -3536
0.6784 -3596
0.6968 -3632
0.6864 -3532
0.688 -3428
0.7224 -3592
0.724 -3528
0.7168 -3584
0.7104 -3572
0.7608 -3664
0.7432 -3588
0.7448 -3644
0.7528 -3736
0.7288 -3700
0.7256 -3700
0.6912 -3668
0.6992 -3692
0.6704 -3628
0.6512 -3564
0.6392 -3560
0.632 -3600
0.6448 -3436
0.668 -3576
0.6488 -3688
0.6752 -3736
0.6536 -3496
0.6704 -3488
0.668 -3604
0.68 -3560
0.6696 -3524
0.6832 -3596
0.7112 -3736
0.7224 -3756
0.7304 -3736
0.7464 -3772
0.7808 -3836
0.7456 -3680
0.6944 -3664
0.7272 -3692
0.7176 -3616
0.724 -3660
0.6864 -3616
0.6728 -3552
0.6856 -3576
0.728 -3660
