0.2 0.145 0.01 0.055 0.285 0.035 0.13 0.055 0.165 0.1 0.025 0.09 0.155 0.14 0.12 0.08 0.04 0.085 0.03 0.01 0.045 0.145 0.05 0.12 0.025 0.12 0.12 0.06 0.045 0.025 0.1 0.005 0.02 0.04 0.015 0.115 0.06 0.015 0.04 0.01 0.125 0.075 0.035 0.03 0.055 0 0.13 0.065 0.055 0.06 0.11 0.17 0.1 0.005 0.075 0.015 0.005 0.03 0.13 0.23 0.1 0.065 0.05 0.065 0.175 0.055 0.05 0.06 0.06 0.04 0.08 0.055 0.235 0.08 0.055 0.045 0.035 0.005 0.055 0.12 0.025 0.115 0.1 0.115 0.01 0.015 0.015 0.055 0.095 0.035 0.02 0.155 0.1 0.09 0.03 0.095 0.11 0.105 0.025 0.07 0.13 
0.25 0.15 0.045 0.14 0.045 0.135 0.07 0.18 0.015 0.145 0.055 0.085 0.07 0.12 0.005 0.035 0.04 0.045 0.085 0.15 0.015 0.015 0.05 0.165 0.015 0.03 0.115 0.055 0.045 0.08 0.085 0.005 0.115 0.125 0.065 0.065 0.075 0.02 0.095 0.125 0.065 0.06 0.13 0.045 0.055 0.03 0.07 0.07 0.035 0.04 0.03 0.045 0.215 0.07 0.11 0.035 0.025 0.06 0.145 0.04 0 0.02 0.205 0 0.005 0.03 0.08 0.015 0.055 0.035 0.065 0.01 0.035 0.015 0.02 0.025 0.055 0.05 0.025 0 0.07 0.04 0.035 0.15 0.015 0.115 0.125 0.075 0.015 0.04 0.015 0.17 0.115 0.06 0.06 0.03 0.015 0.11 0.185 0.025 0.035 
0.3 0.425 0.05 0.15 0.115 0.245 0.22 0.01 0.09 0.025 0.165 0.11 0.24 0.125 0.085 0.035 0.225 0.035 0.19 0.02 0.125 0.145 0.115 0.25 0.03 0.01 0.16 0.085 0.12 0.065 0.095 0.1 0.155 0.095 0.085 0.15 0.025 0.05 0.02 0.125 0.05 0.24 0.17 0.235 0.18 0.17 0.045 0.06 0.095 0.115 0.055 0.05 0.09 0.05 0.09 0.045 0.205 0.18 0.045 0.025 0.1 0.025 0.065 0.135 0.24 0 0.09 0.085 0.01 0.095 0.095 0.165 0.375 0.33 0.205 0.145 0.04 0.115 0.04 0.02 0.165 0.025 0.12 0.075 0.065 0.03 0.055 0.06 0.025 0.12 0.125 0.055 0.045 0.11 0.03 0.06 0.135 0.005 0.205 0.26 0.145 
0.35 0.795 0.64 0.395 0.24 0.43 0.265 0.015 0.1 0.03 0.1 0.155 0.115 0.095 0.025 0.175 0.085 0.055 0.19 0.145 0.065 0.09 0.05 0.07 0.06 0.17 0.225 0.19 0.31 0.32 0.17 0.015 0.12 0.105 0.17 0.18 0.285 0.25 0.285 0.08 0.03 0.015 0.285 0.34 0.395 0.4 0.145 0.125 0.105 0.21 0.16 0.255 0.22 0.225 0.27 0.255 0.155 0.015 0.095 0.025 0.045 0.075 0.19 0.04 0.125 0.29 0.18 0.22 0.155 0.035 0.045 0.23 0.13 0.005 0.115 0.04 0.075 0.32 0.325 0.225 0.215 0.24 0.195 0.3 0.195 0.215 0.15 0.145 0.26 0.15 0.105 0.12 0.035 0.09 0.235 0.125 0.325 0.55 0.51 0.505 0.415 
0.4 0.83 0.775 0.755 0.755 0.65 0.525 0.715 0.52 0.265 0.145 0.215 0.155 0.195 0.17 0.18 0.12 0.02 0.01 0.2 0.07 0.155 0.125 0.145 0.095 0.155 0.04 0.11 0.185 0.035 0.135 0.09 0.1 0.1 0.005 0.085 0.175 0.205 0.075 0.035 0.08 0.28 0.16 0.18 0.24 0.26 0.05 0.03 0.07 0.09 0.07 0.07 0.125 0.08 0.09 0.19 0.05 0.18 0.28 0.355 0.305 0.4 0.41 0.685 0.705 0.71 0.755 0.575 0.46 0.37 0.285 0.34 0.395 0.245 0.33 0.13 0.185 0.235 0.145 0.055 0.055 0.045 0.015 0.2 0.175 0.15 0.245 0.15 0.015 0.05 0.19 0 0.19 0.045 0.085 0.005 0.055 0.06 0.045 0.135 0.2 
0.45 0.93 0.915 0.85 0.905 0.905 0.895 0.895 0.8 0.78 0.705 0.735 0.74 0.74 0.75 0.79 0.855 0.825 0.77 0.775 0.72 0.715 0.695 0.715 0.705 0.625 0.685 0.7 0.785 0.685 0.735 0.755 0.695 0.65 0.76 0.765 0.67 0.69 0.725 0.74 0.67 0.705 0.695 0.78 0.78 0.745 0.67 0.66 0.595 0.475 0.46 0.36 0.355 0.375 0.565 0.58 0.64 0.745 0.71 0.74 0.79 0.845 0.84 0.745 0.8 0.775 0.785 0.625 0.625 0.715 0.81 0.83 0.8 0.83 0.875 0.9 0.93 0.945 0.89 0.89 0.835 0.85 0.825 0.845 0.85 0.895 0.89 0.91 0.945 0.85 0.86 0.865 0.89 0.925 0.91 0.805 0.835 0.855 0.92 0.89 0.875 
0.5 0.96 0.97 0.915 0.895 0.91 0.95 0.955 0.905 0.935 0.915 0.915 0.935 0.9 0.885 0.925 0.935 0.91 0.915 0.93 0.95 0.92 0.855 0.91 0.91 0.915 0.92 0.935 0.91 0.945 0.955 0.915 0.945 0.935 0.925 0.95 0.94 0.94 0.965 0.965 0.925 0.965 0.945 0.96 0.915 0.84 0.85 0.935 0.925 0.91 0.925 0.94 0.955 0.96 0.935 0.965 0.955 0.965 0.95 0.895 0.88 0.805 0.865 0.87 0.945 0.935 0.915 0.91 0.885 0.91 0.925 0.9 0.945 0.935 0.945 0.935 0.945 0.91 0.93 0.965 0.975 0.925 0.95 0.9 0.865 0.87 0.935 0.905 0.785 0.77 0.905 0.935 0.915 0.86 0.875 0.87 0.94 0.94 0.935 0.975 0.97 
0.55 0.945 0.97 0.93 0.92 0.945 0.98 0.99 0.985 0.945 0.96 0.98 0.97 0.95 0.98 0.96 0.97 0.95 0.95 0.94 0.975 0.94 0.965 0.985 0.965 0.975 0.97 0.93 0.94 0.985 0.93 0.95 0.97 0.96 0.97 0.98 0.95 0.945 0.98 0.985 0.955 0.975 0.945 0.975 0.995 0.98 0.97 0.97 0.96 0.945 0.94 0.965 0.95 0.945 0.95 0.955 0.96 0.99 0.975 0.965 0.975 0.96 0.99 0.945 0.97 0.955 0.965 0.975 0.93 0.945 0.935 0.95 0.94 0.94 0.93 0.935 0.975 0.905 0.925 0.93 0.94 0.98 0.955 0.975 0.94 0.96 0.97 0.94 0.95 0.965 0.97 0.96 0.95 0.97 0.97 0.945 0.94 0.975 0.965 0.945 0.93 
0.6 0.98 0.97 0.96 0.94 0.97 0.965 0.975 0.95 0.965 0.955 0.95 0.975 0.985 0.97 0.98 0.995 0.97 0.98 0.985 0.99 0.98 0.98 0.95 0.985 0.99 0.985 0.985 0.98 0.975 0.97 0.955 0.965 0.97 0.965 0.965 0.98 0.97 0.99 1 0.98 0.95 0.97 0.96 0.98 0.98 0.955 0.97 0.99 0.985 0.95 0.995 0.985 0.99 0.97 0.975 0.945 0.975 0.94 0.98 0.99 0.995 0.985 0.985 0.98 0.98 0.985 0.975 0.99 0.98 0.96 0.985 0.985 0.975 0.98 0.97 0.985 0.97 0.98 0.97 0.945 0.965 0.975 0.96 0.98 0.99 0.985 0.985 0.935 0.95 0.975 0.975 0.985 0.96 0.985 0.965 0.975 0.94 0.955 0.965 0.965 
0.65 0.995 0.995 0.985 0.985 0.98 0.99 0.975 0.985 0.995 0.99 0.98 0.985 0.995 0.985 0.97 0.985 0.995 0.985 0.985 0.98 0.97 1 0.99 0.995 0.99 0.99 0.965 0.975 0.98 0.99 0.985 0.98 0.985 0.975 0.975 0.995 0.995 0.99 0.975 0.975 0.99 0.985 0.975 0.995 0.975 0.995 0.995 0.99 0.995 0.99 0.975 0.955 0.955 0.985 0.965 0.965 0.97 0.99 0.985 0.98 0.975 0.975 0.985 0.99 0.99 0.99 0.97 0.99 0.98 0.975 0.985 1 1 0.99 1 0.98 0.99 0.97 0.99 0.96 0.965 0.975 0.99 0.98 0.985 0.98 0.98 0.97 0.975 0.99 0.98 0.985 0.975 0.975 0.975 0.98 0.98 0.95 0.985 0.995 
0.7 1 0.985 0.99 0.995 0.995 0.985 0.995 0.99 0.985 0.995 0.98 0.995 1 1 0.98 0.99 0.985 1 0.99 1 0.985 0.985 0.995 0.995 1 0.995 0.99 0.995 1 0.995 0.975 0.995 0.99 0.97 0.99 0.995 0.985 0.995 0.985 0.985 0.975 0.99 0.985 1 0.995 0.995 0.99 0.99 1 0.995 1 1 0.99 0.995 0.99 0.98 0.99 0.99 0.99 0.995 0.99 1 1 0.995 0.98 1 0.98 0.965 0.985 1 0.995 0.99 0.995 0.995 0.985 0.995 1 0.995 0.995 0.985 0.99 0.985 0.97 0.995 1 0.985 0.98 0.97 0.995 0.985 1 0.995 0.985 1 0.995 0.995 0.995 0.995 0.98 0.995 
0.75 0.995 1 1 0.99 1 0.975 0.99 0.995 0.985 0.995 1 1 1 0.99 0.99 0.995 1 0.995 0.99 0.99 0.99 1 0.995 1 1 0.975 1 0.985 1 0.995 1 0.995 0.995 0.995 0.99 1 0.99 0.99 1 1 0.99 1 1 0.985 0.985 0.995 0.995 0.995 1 0.99 0.995 0.995 1 1 0.99 0.995 1 1 0.995 0.995 0.995 1 0.995 0.985 0.995 0.99 0.99 0.995 1 0.995 0.995 1 0.995 0.995 0.995 1 0.995 0.995 0.995 1 0.99 0.99 0.995 1 0.985 0.995 1 0.995 0.995 0.995 1 1 0.99 0.995 1 1 0.995 1 1 0.995 
0.8 0.985 0.995 1 0.985 0.995 0.995 0.995 0.985 0.995 0.99 0.995 0.995 0.99 0.995 0.99 0.995 0.995 0.995 1 0.995 1 0.99 1 0.995 1 0.995 0.985 1 0.995 1 1 1 0.995 1 1 1 1 1 0.98 0.99 0.995 1 0.995 1 1 0.995 0.995 0.995 0.995 1 1 1 0.995 1 1 0.995 0.99 1 1 1 1 1 1 1 1 1 0.995 1 1 0.995 0.995 0.995 0.985 0.995 0.99 0.995 1 0.995 1 0.995 1 1 0.985 0.995 1 0.995 1 1 0.995 1 1 0.995 1 0.995 0.99 1 1 1 0.995 1 
0.85 1 1 0.995 1 0.99 0.99 0.985 1 1 1 1 1 0.995 1 0.99 1 0.995 0.995 1 1 1 1 1 0.995 1 1 1 0.995 0.995 0.995 1 0.995 1 1 0.995 0.98 1 1 1 1 1 1 1 1 1 0.995 0.995 0.995 0.995 0.995 0.995 0.995 1 1 1 1 0.995 1 1 0.995 0.99 0.995 1 0.995 0.995 0.99 1 1 1 0.99 0.995 1 0.995 0.995 1 1 0.99 1 0.995 1 1 1 0.985 0.99 1 1 0.99 0.995 1 1 1 0.99 1 0.995 1 1 1 0.99 0.995 1 
0.9 1 1 1 1 0.995 1 0.995 1 0.995 1 1 0.99 1 1 1 1 1 1 0.995 1 0.995 1 1 1 1 1 1 1 0.995 1 1 1 1 1 1 1 1 1 1 1 0.995 1 0.995 1 1 1 1 1 1 1 1 1 1 1 1 1 1 1 1 1 1 0.995 0.995 1 1 1 0.995 0.995 0.995 1 0.995 1 0.995 1 1 1 1 1 1 1 1 1 1 1 1 1 1 1 1 1 1 0.995 1 1 1 1 1 1 1 1 
0.95 1 1 1 1 1 0.995 1 1 0.995 1 1 0.995 1 0.985 0.995 1 0.985 1 1 0.995 1 0.995 1 1 0.995 1 1 0.99 1 1 1 1 1 1 1 1 1 1 0.995 1 1 0.995 1 1 1 1 1 1 1 1 1 1 0.995 1 1 1 1 1 1 1 1 1 1 1 0.99 0.99 1 1 0.995 1 1 1 0.995 1 1 1 1 1 1 1 1 0.995 1 1 1 1 1 1 0.99 1 0.99 1 1 1 0.995 1 1 1 1 1 
1 1 0.995 0.995 1 0.995 1 1 1 1 1 1 0.99 1 1 1 1 1 1 1 1 0.995 1 1 1 1 1 1 1 1 1 1 1 1 1 1 1 1 1 1 1 0.995 1 1 1 1 1 1 1 0.99 0.995 0.99 0.995 1 0.995 0.99 1 0.995 0.995 1 1 1 1 1 1 1 1 1 0.995 1 1 1 1 0.995 1 1 1 1 1 1 1 1 1 1 1 1 1 1 1 1 0.995 1 1 1 1 1 1 1 1 1 1 
1.05 1 1 0.995 1 1 1 1 1 0.995 1 1 1 1 0.995 0.995 1 1 1 1 1 1 1 1 1 1 1 1 1 1 1 1 0.995 0.995 1 1 1 1 1 1 1 1 1 1 1 1 1 1 1 1 1 1 1 1 1 1 1 1 1 1 1 1 1 1 1 1 0.995 1 0.995 0.995 1 1 1 1 1 1 1 1 1 1 1 1 1 1 1 1 1 1 1 1 1 1 1 1 1 1 0.995 1 0.995 1 1 
1.1 1 1 1 1 1 1 1 1 1 1 1 1 1 0.995 1 1 1 1 1 1 1 1 1 1 0.995 1 1 1 1 1 1 1 1 1 0.995 1 1 1 1 1 1 1 1 1 1 1 1 1 1 1 0.995 1 1 1 1 1 1 1 1 1 1 1 1 1 1 1 1 1 1 1 1 1 1 0.995 0.995 1 1 1 1 1 1 1 1 1 1 1 1 1 1 0.995 1 1 1 1 1 1 1 1 1 1 
1.15 1 1 1 1 1 1 1 1 1 1 1 1 1 1 1 1 1 1 1 1 1 1 1 1 1 1 1 1 1 1 1 1 1 1 1 1 1 1 1 1 1 1 1 1 1 1 1 1 1 1 1 1 1 1 1 1 1 1 1 1 1 1 1 1 1 0.995 0.995 1 1 1 1 1 1 1 1 1 1 1 1 1 1 1 0.99 1 1 1 1 1 0.995 1 1 1 1 1 1 1 1 1 1 1 
1.2 1 1 1 1 1 1 1 1 1 1 1 0.995 1 1 1 1 1 1 1 1 1 1 1 1 1 1 1 1 1 1 1 1 1 1 1 1 1 1 1 1 1 1 1 1 1 1 1 1 1 1 1 1 1 1 0.995 1 1 1 1 1 1 1 1 1 1 1 1 1 1 1 1 1 1 1 1 1 1 1 1 1 1 1 1 1 1 1 1 1 1 1 1 1 1 1 1 1 1 1 1 1 
1.25 1 1 1 1 1 1 1 1 1 1 1 1 1 1 1 1 1 1 1 1 1 1 1 1 1 1 1 1 1 1 1 1 1 1 1 1 1 1 1 1 1 1 1 1 1 1 0.995 1 1 1 1 1 1 1 1 1 1 1 1 1 1 1 1 1 1 1 1 1 1 1 1 1 1 1 1 0.995 1 1 1 1 1 1 1 1 1 1 1 1 1 1 1 1 1 1 1 1 1 1 1 1 
1.3 1 1 1 1 1 1 1 1 1 1 1 1 1 1 1 1 1 1 1 1 1 1 1 1 1 1 1 1 1 1 1 1 1 1 1 1 1 1 1 1 1 1 1 1 1 1 1 1 1 1 1 1 1 1 1 1 1 1 1 1 1 1 1 1 1 1 1 1 1 1 1 1 1 1 1 1 1 1 1 1 1 1 1 1 1 1 1 1 1 1 1 1 1 1 1 1 1 1 1 1 
1.35 1 1 1 1 1 1 1 1 1 1 1 1 1 1 1 1 1 1 1 1 1 1 1 1 1 1 1 1 1 1 1 1 1 1 1 1 1 0.995 1 1 1 1 1 1 1 1 1 1 1 1 1 1 1 1 1 1 1 1 1 1 1 1 1 1 1 1 1 1 1 1 1 1 1 1 1 1 1 1 1 1 1 1 1 1 1 1 1 1 1 1 1 1 1 1 1 1 1 1 1 1 
1.4 1 1 1 1 1 1 1 1 1 1 1 1 1 1 1 1 1 1 1 1 1 1 1 1 1 1 1 1 1 1 1 1 1 1 1 1 1 1 1 1 1 1 1 1 1 1 1 1 1 1 1 1 1 1 1 1 1 1 1 1 1 1 1 1 1 1 1 1 1 1 1 1 1 1 1 1 1 1 1 1 1 1 1 1 1 1 1 1 1 1 1 1 1 1 1 1 1 1 1 1 
1.45 1 1 1 1 1 1 1 1 1 1 1 1 1 1 1 1 1 1 1 1 1 1 1 1 1 1 1 1 1 1 1 1 1 1 1 1 1 1 1 1 1 1 1 1 1 1 1 1 1 1 1 1 1 1 1 1 1 1 1 1 1 1 1 1 1 1 1 1 1 1 1 1 1 1 1 1 1 1 1 1 1 1 1 1 1 1 1 1 1 1 1 1 1 1 1 0.995 1 1 1 1 
1.5 1 1 1 1 1 1 1 1 1 1 1 1 1 1 1 1 1 1 1 1 1 1 1 1 1 1 1 1 1 1 1 1 1 1 1 1 1 1 1 1 1 1 1 1 1 1 1 1 1 1 1 1 1 1 1 1 1 1 1 1 1 1 1 1 1 1 1 1 1 1 1 1 1 1 1 1 1 1 1 1 1 1 1 1 1 1 1 1 1 1 1 1 1 1 1 1 1 1 1 1 
1.55 1 1 1 1 1 1 1 1 1 1 1 1 1 1 1 1 1 1 1 1 1 1 1 1 1 1 1 1 1 1 1 1 1 1 1 1 1 1 1 1 1 1 1 1 1 1 1 1 1 1 1 1 1 1 1 1 1 1 1 1 1 1 1 1 1 1 1 1 1 1 1 1 1 1 1 1 1 1 1 1 1 1 1 1 1 1 1 1 1 1 1 1 1 1 1 1 1 1 1 1 
1.6 1 1 1 1 1 1 1 0.995 1 1 1 1 1 1 1 1 1 1 1 1 1 1 1 1 1 1 1 1 1 1 1 1 1 1 1 1 1 1 1 1 1 1 1 1 1 1 1 1 1 1 1 1 1 1 1 1 1 1 1 1 1 1 1 1 1 1 1 1 1 1 1 1 1 1 1 1 1 1 1 1 1 1 1 1 1 1 1 1 1 1 1 1 1 1 1 1 1 1 1 1 
1.65 1 1 1 1 1 1 1 1 1 1 1 1 1 1 1 1 1 1 1 1 1 1 1 1 1 1 1 1 1 1 1 1 1 1 1 1 1 1 1 1 1 1 1 1 1 1 1 1 1 1 1 1 1 1 1 1 1 1 1 1 1 1 1 1 1 1 1 1 1 1 1 1 1 1 1 1 1 1 1 1 1 1 1 1 1 1 1 1 1 1 1 1 1 1 1 1 1 1 1 1 
1.7 1 1 1 1 1 1 1 1 1 1 1 1 1 1 1 1 1 1 1 1 1 1 1 1 1 1 1 1 1 1 1 1 1 1 1 1 1 1 1 1 1 1 1 1 1 1 1 1 1 1 1 1 1 1 1 1 1 1 1 1 1 1 1 1 1 1 1 1 1 1 1 1 1 1 1 1 1 1 1 1 1 1 1 1 1 1 1 1 1 1 1 1 1 1 1 1 1 1 1 1 
1.75 1 1 1 1 1 1 1 1 1 1 1 1 1 1 1 1 1 1 1 1 1 1 1 1 1 1 1 1 1 1 1 1 1 1 1 1 1 1 1 1 0.995 1 1 1 1 1 1 1 1 1 1 1 1 1 1 1 1 1 1 1 1 1 1 1 1 1 1 1 1 1 1 1 1 1 1 1 1 1 1 1 1 1 1 1 1 1 1 1 1 1 1 1 1 1 1 1 1 1 1 1 
1.8 1 1 1 1 1 1 1 1 1 1 1 1 1 1 1 1 1 1 1 1 1 1 1 1 1 1 1 1 1 1 1 1 1 1 1 1 1 1 1 1 1 1 1 1 1 1 1 1 1 1 1 1 1 1 1 1 1 1 1 1 1 1 1 1 1 1 1 1 1 1 1 1 1 1 1 1 1 1 1 1 1 1 1 1 1 1 1 1 1 1 1 1 1 1 1 1 1 1 1 1 
1.85 1 1 1 1 1 1 1 1 1 1 1 1 1 1 1 1 1 1 1 1 1 1 1 1 1 1 1 1 1 1 1 1 1 1 1 1 1 1 1 1 1 1 1 1 1 1 1 1 1 1 1 1 1 1 1 1 1 1 1 1 1 1 1 1 1 1 1 1 1 1 1 1 1 1 1 1 1 1 1 1 1 1 1 1 1 1 1 1 1 1 1 1 1 1 1 1 1 1 1 1 
1.9 1 1 1 1 1 1 1 1 1 1 1 1 1 1 1 1 1 1 1 1 1 1 1 1 1 1 1 1 1 1 1 1 1 1 1 1 1 1 1 1 1 1 1 1 1 1 1 1 1 1 1 1 1 1 1 1 1 1 1 1 1 1 1 1 1 1 1 1 1 1 1 1 1 1 1 1 1 1 1 1 1 1 1 1 1 1 1 1 1 1 1 1 1 1 1 1 1 1 1 1 
1.95 1 1 1 1 1 1 1 1 1 1 1 1 1 1 1 1 1 1 1 1 1 1 1 1 1 1 1 1 1 1 1 1 1 1 1 1 1 1 1 1 1 1 1 1 1 1 1 1 1 1 1 1 1 1 1 1 1 1 1 1 1 1 1 1 1 1 1 1 1 1 1 1 1 1 1 1 1 1 1 1 1 1 1 1 1 1 1 1 1 1 1 1 1 1 1 1 1 1 1 1 
